[1] "<-----------1"
      [,1] [,2] [,3]       [,4]    [,5]       [,6]
 [1,] 0.00  481 3209 0.14989093 -603220 -187.97756
 [2,] 0.05    0    0 0.00000000       0    0.00000
 [3,] 0.10    0    0 0.00000000       0    0.00000
 [4,] 0.15    0    1 0.00000000    -500 -500.00000
 [5,] 0.20    0    0 0.00000000       0    0.00000
 [6,] 0.25    0    0 0.00000000       0    0.00000
 [7,] 0.30    0    0 0.00000000       0    0.00000
 [8,] 0.35    0    0 0.00000000       0    0.00000
 [9,] 0.40    0    0 0.00000000       0    0.00000
[10,] 0.45    0    1 0.00000000    -500 -500.00000
[11,] 0.50    0    0 0.00000000       0    0.00000
[12,] 0.55    0    0 0.00000000       0    0.00000
[13,] 0.60    0    0 0.00000000       0    0.00000
[14,] 0.65    0    0 0.00000000       0    0.00000
[15,] 0.70    0    3 0.00000000   -1500 -500.00000
[16,] 0.75    0    2 0.00000000   -1000 -500.00000
[17,] 0.80    0    6 0.00000000   -3000 -500.00000
[18,] 0.85    1    4 0.25000000    1590  397.50000
[19,] 0.90    4   21 0.19047619   -5060 -240.95238
[20,] 0.95    2    9 0.22222222    -610  -67.77778
[21,] 1.00    7   73 0.09589041  -23170 -317.39726
[22,] 1.10   16   73 0.21917808  -13840 -189.58904
[23,] 1.20   15   82 0.18292683    5350   65.24390
[24,] 1.30   18   66 0.27272727   16770  254.09091
[25,] 1.40    7   67 0.10447761  -21360 -318.80597
[26,] 1.50   10   65 0.15384615  -13580 -208.92308
[27,] 1.60   13   53 0.24528302    2550   48.11321
[28,] 1.70    4   33 0.12121212  -12040 -364.84848
[29,] 1.80    6   27 0.22222222   -2300  -85.18519
[30,] 1.90    4   29 0.13793103   -2200  -75.86207
[31,] 2.00    9   62 0.14516129  -15880 -256.12903
[32,] 2.25    6   25 0.24000000     720   28.80000
[33,] 2.50    2   17 0.11764706   -6560 -385.88235
[34,] 2.75    2   20 0.10000000   -7880 -394.00000
[35,] 3.00    2   14 0.14285714   -2990 -213.57143
[36,] 3.25    0    3 0.00000000   -1500 -500.00000
[37,] 3.50    0    2 0.00000000   -1000 -500.00000
[38,] 3.75    0    2 0.00000000   -1000 -500.00000
[39,] 4.00    2    2 1.00000000    8340 4170.00000
[40,] 4.25    0    2 0.00000000   -1000 -500.00000
[1] "<-----------2"
      [,1] [,2] [,3]       [,4]    [,5]       [,6]
 [1,] 0.00  331 2313 0.14310419 -466550 -201.70774
 [2,] 0.05    0    0 0.00000000       0    0.00000
 [3,] 0.10    0    0 0.00000000       0    0.00000
 [4,] 0.15    0    1 0.00000000    -500 -500.00000
 [5,] 0.20    0    2 0.00000000   -1000 -500.00000
 [6,] 0.25    1    5 0.20000000     700  140.00000
 [7,] 0.30    2   10 0.20000000    2220  222.00000
 [8,] 0.35    1   13 0.07692308    1250   96.15385
 [9,] 0.40    2   19 0.10526316   -4940 -260.00000
[10,] 0.45    1   27 0.03703704  -11570 -428.51852
[11,] 0.50    3   47 0.06382979  -18440 -392.34043
[12,] 0.55    7   57 0.12280702  -19650 -344.73684
[13,] 0.60   13   67 0.19402985   -4670  -69.70149
[14,] 0.65   13   89 0.14606742  -19230 -216.06742
[15,] 0.70    9   86 0.10465116  -27050 -314.53488
[16,] 0.75   14   66 0.21212121    5590   84.69697
[17,] 0.80    7   63 0.11111111  -21800 -346.03175
[18,] 0.85    9   69 0.13043478  -17660 -255.94203
[19,] 0.90   13   65 0.20000000    1320   20.30769
[20,] 0.95    7   53 0.13207547  -13310 -251.13208
[21,] 1.00   24  131 0.18320611  -20390 -155.64885
[22,] 1.10   21  126 0.16666667  -26100 -207.14286
[23,] 1.20   15   89 0.16853933  -17320 -194.60674
[24,] 1.30   27  110 0.24545455  -13840 -125.81818
[25,] 1.40   15   78 0.19230769  -17570 -225.25641
[26,] 1.50    8   69 0.11594203   11840  171.59420
[27,] 1.60   17   44 0.38636364    8600  195.45455
[28,] 1.70    4   35 0.11428571   -4920 -140.57143
[29,] 1.80    6   36 0.16666667    4900  136.11111
[30,] 1.90    4   26 0.15384615   -2130  -81.92308
[31,] 2.00   15   61 0.24590164   -1240  -20.32787
[32,] 2.25    6   32 0.18750000     -60   -1.87500
[33,] 2.50    3   34 0.08823529   -8190 -240.88235
[34,] 2.75    4   14 0.28571429    -660  -47.14286
[35,] 3.00    3   15 0.20000000   -4950 -330.00000
[36,] 3.25    1    8 0.12500000     380   47.50000
[37,] 3.50    1    6 0.16666667   -1550 -258.33333
[38,] 3.75    0    2 0.00000000   -1000 -500.00000
[39,] 4.00    2    6 0.33333333     930  155.00000
[40,] 4.25    0    2 0.00000000   -1000 -500.00000
[1] "<-----------3"
      [,1] [,2] [,3]       [,4]    [,5]        [,6]
 [1,] 0.00  258 1899 0.13586098 -395480 -208.256977
 [2,] 0.05    1    1 1.00000000    2600 2600.000000
 [3,] 0.10    1    2 0.50000000    1720  860.000000
 [4,] 0.15    0    1 0.00000000    -500 -500.000000
 [5,] 0.20    0    6 0.00000000   -3000 -500.000000
 [6,] 0.25    0   14 0.00000000   -7000 -500.000000
 [7,] 0.30    1   17 0.05882353   -6970 -410.000000
 [8,] 0.35    4   27 0.14814815   -4790 -177.407407
 [9,] 0.40   10   48 0.20833333   11310  235.625000
[10,] 0.45    6   51 0.11764706  -11110 -217.843137
[11,] 0.50    9   61 0.14754098   -6310 -103.442623
[12,] 0.55   15   90 0.16666667  -20520 -228.000000
[13,] 0.60   19   79 0.24050633    1640   20.759494
[14,] 0.65   15   97 0.15463918  -21740 -224.123711
[15,] 0.70   25  105 0.23809524     500    4.761905
[16,] 0.75   19  111 0.17117117  -27350 -246.396396
[17,] 0.80   13   95 0.13684211  -20310 -213.789474
[18,] 0.85   13   91 0.14285714  -24180 -265.714286
[19,] 0.90   18   90 0.20000000   -9890 -109.888889
[20,] 0.95   11   60 0.18333333  -11720 -195.333333
[21,] 1.00   26  138 0.18840580    3260   23.623188
[22,] 1.10   18  111 0.16216216  -14230 -128.198198
[23,] 1.20   21  114 0.18421053  -15290 -134.122807
[24,] 1.30   24  110 0.21818182  -16950 -154.090909
[25,] 1.40   21   84 0.25000000   -5500  -65.476190
[26,] 1.50    8   85 0.09411765  -21750 -255.882353
[27,] 1.60    9   55 0.16363636  -16680 -303.272727
[28,] 1.70    3   45 0.06666667  -12620 -280.444444
[29,] 1.80    4   41 0.09756098  -10350 -252.439024
[30,] 1.90    4   27 0.14814815   -8010 -296.666667
[31,] 2.00   14   77 0.18181818   -5020  -65.194805
[32,] 2.25    4   40 0.10000000  -12170 -304.250000
[33,] 2.50    6   33 0.18181818   -6750 -204.545455
[34,] 2.75    6   22 0.27272727    2530  115.000000
[35,] 3.00    3   16 0.18750000   -1590  -99.375000
[36,] 3.25    0    9 0.00000000   -4500 -500.000000
[37,] 3.50    0   10 0.00000000   -5000 -500.000000
[38,] 3.75    0    2 0.00000000   -1000 -500.000000
[39,] 4.00    0    4 0.00000000   -2000 -500.000000
[40,] 4.25    0    1 0.00000000    -500 -500.000000
[1] "<-----------4"
      [,1] [,2] [,3]       [,4]    [,5]       [,6]
 [1,] 0.00  238 1693 0.14057885 -339200 -200.35440
 [2,] 0.05    0    2 0.00000000   -1000 -500.00000
 [3,] 0.10    0    0 0.00000000       0    0.00000
 [4,] 0.15    0    3 0.00000000   -1500 -500.00000
 [5,] 0.20    0    4 0.00000000   -2000 -500.00000
 [6,] 0.25    3   16 0.18750000    3540  221.25000
 [7,] 0.30    3   28 0.10714286   -7220 -257.85714
 [8,] 0.35    8   47 0.17021277   -8700 -185.10638
 [9,] 0.40   10   44 0.22727273   -1180  -26.81818
[10,] 0.45    9   44 0.20454545    4260   96.81818
[11,] 0.50   13   85 0.15294118  -11480 -135.05882
[12,] 0.55    6   83 0.07228916  -26210 -315.78313
[13,] 0.60    9   97 0.09278351  -35980 -370.92784
[14,] 0.65   21  115 0.18260870  -19470 -169.30435
[15,] 0.70   10   73 0.13698630  -14680 -201.09589
[16,] 0.75   18  113 0.15929204  -10180  -90.08850
[17,] 0.80   19  101 0.18811881  -15900 -157.42574
[18,] 0.85   16  102 0.15686275  -24800 -243.13725
[19,] 0.90   16   75 0.21333333  -11790 -157.20000
[20,] 0.95   16   84 0.19047619  -16320 -194.28571
[21,] 1.00   37  150 0.24666667    6120   40.80000
[22,] 1.10   29  142 0.20422535    7540   53.09859
[23,] 1.20   20  125 0.16000000  -16630 -133.04000
[24,] 1.30   19  116 0.16379310  -25660 -221.20690
[25,] 1.40   18   92 0.19565217  -19700 -214.13043
[26,] 1.50   13   72 0.18055556  -16100 -223.61111
[27,] 1.60    9   77 0.11688312  -23240 -301.81818
[28,] 1.70   10   51 0.19607843   -5500 -107.84314
[29,] 1.80   10   51 0.19607843    1910   37.45098
[30,] 1.90    5   53 0.09433962   -9970 -188.11321
[31,] 2.00   12   67 0.17910448  -10770 -160.74627
[32,] 2.25    1   59 0.01694915  -27760 -470.50847
[33,] 2.50    8   33 0.24242424    5410  163.93939
[34,] 2.75    0   23 0.00000000  -11500 -500.00000
[35,] 3.00    2   15 0.13333333   -4900 -326.66667
[36,] 3.25    1   18 0.05555556   -8290 -460.55556
[37,] 3.50    0    2 0.00000000   -1000 -500.00000
[38,] 3.75    1   10 0.10000000   -2490 -249.00000
[39,] 4.00    0    0 0.00000000       0    0.00000
[40,] 4.25    0    6 0.00000000   -3000 -500.00000
[1] "<-----------5"
      [,1] [,2] [,3]       [,4]    [,5]       [,6]
 [1,] 0.00  232 1645 0.14103343 -300700 -182.79635
 [2,] 0.05    0    1 0.00000000    -500 -500.00000
 [3,] 0.10    1    3 0.33333333    1600  533.33333
 [4,] 0.15    1    3 0.33333333     270   90.00000
 [5,] 0.20    1   10 0.10000000   -2960 -296.00000
 [6,] 0.25    3   19 0.15789474   -5340 -281.05263
 [7,] 0.30    3   29 0.10344828   -7670 -264.48276
 [8,] 0.35    5   50 0.10000000  -16360 -327.20000
 [9,] 0.40    6   55 0.10909091  -17020 -309.45455
[10,] 0.45    7   58 0.12068966  -16620 -286.55172
[11,] 0.50   10   76 0.13157895  -22640 -297.89474
[12,] 0.55   19   83 0.22891566   -2410  -29.03614
[13,] 0.60   15   80 0.18750000   15540  194.25000
[14,] 0.65   20  100 0.20000000  -12680 -126.80000
[15,] 0.70   21  107 0.19626168   -9590  -89.62617
[16,] 0.75   17   88 0.19318182  -16670 -189.43182
[17,] 0.80   17   98 0.17346939  -22330 -227.85714
[18,] 0.85   16   89 0.17977528  -12780 -143.59551
[19,] 0.90   18   98 0.18367347  -23680 -241.63265
[20,] 0.95    5   61 0.08196721  -23040 -377.70492
[21,] 1.00   33  160 0.20625000  -22010 -137.56250
[22,] 1.10   34  159 0.21383648  -14460  -90.94340
[23,] 1.20   23  130 0.17692308  -13240 -101.84615
[24,] 1.30   21  107 0.19626168  -11350 -106.07477
[25,] 1.40   19  105 0.18095238  -16120 -153.52381
[26,] 1.50   12   82 0.14634146  -16600 -202.43902
[27,] 1.60    6   62 0.09677419  -18530 -298.87097
[28,] 1.70    7   49 0.14285714   -8420 -171.83673
[29,] 1.80    5   44 0.11363636  -12850 -292.04545
[30,] 1.90    7   37 0.18918919    1710   46.21622
[31,] 2.00    8   76 0.10526316  -23100 -303.94737
[32,] 2.25    4   57 0.07017544  -15970 -280.17544
[33,] 2.50    7   43 0.16279070   -6580 -153.02326
[34,] 2.75    3   35 0.08571429   -7670 -219.14286
[35,] 3.00    2   16 0.12500000   -6190 -386.87500
[36,] 3.25    1   21 0.04761905   -3150 -150.00000
[37,] 3.50    0   11 0.00000000   -5500 -500.00000
[38,] 3.75    0    9 0.00000000   -4500 -500.00000
[39,] 4.00    0    5 0.00000000   -2500 -500.00000
[40,] 4.25    0    5 0.00000000   -2500 -500.00000
[1] "<-----------6"
      [,1] [,2] [,3]       [,4]    [,5]        [,6]
 [1,] 0.00  250 1636 0.15281174 -301070 -184.028117
 [2,] 0.05    0    0 0.00000000       0    0.000000
 [3,] 0.10    1    3 0.33333333    -690 -230.000000
 [4,] 0.15    1   11 0.09090909   -3750 -340.909091
 [5,] 0.20    1   12 0.08333333   -4410 -367.500000
 [6,] 0.25    6   20 0.30000000    -480  -24.000000
 [7,] 0.30    5   29 0.17241379   -8380 -288.965517
 [8,] 0.35    9   40 0.22500000    -340   -8.500000
 [9,] 0.40    8   44 0.18181818  -12630 -287.045455
[10,] 0.45   11   76 0.14473684  -25000 -328.947368
[11,] 0.50   17   78 0.21794872  -10400 -133.333333
[12,] 0.55    8   75 0.10666667  -28350 -378.000000
[13,] 0.60   14   80 0.17500000  -16900 -211.250000
[14,] 0.65   18  103 0.17475728   19380  188.155340
[15,] 0.70   22   96 0.22916667   -6310  -65.729167
[16,] 0.75   13  103 0.12621359  -33120 -321.553398
[17,] 0.80   20   94 0.21276596   -1360  -14.468085
[18,] 0.85   11   79 0.13924051  -13270 -167.974684
[19,] 0.90   20   79 0.25316456   -6720  -85.063291
[20,] 0.95   13   68 0.19117647   -9660 -142.058824
[21,] 1.00   23  155 0.14838710  -25530 -164.709677
[22,] 1.10   25  132 0.18939394  -10120  -76.666667
[23,] 1.20   18  124 0.14516129  -20170 -162.661290
[24,] 1.30   15  114 0.13157895  -29990 -263.070175
[25,] 1.40   14  105 0.13333333  -22930 -218.380952
[26,] 1.50   13   85 0.15294118  -13710 -161.294118
[27,] 1.60    8   63 0.12698413  -15050 -238.888889
[28,] 1.70    7   44 0.15909091   -9090 -206.590909
[29,] 1.80    5   52 0.09615385    -770  -14.807692
[30,] 1.90    9   57 0.15789474     520    9.122807
[31,] 2.00   10   83 0.12048193  -22080 -266.024096
[32,] 2.25    4   76 0.05263158  -23580 -310.263158
[33,] 2.50    0   37 0.00000000  -18500 -500.000000
[34,] 2.75    2   34 0.05882353  -13150 -386.764706
[35,] 3.00    3   26 0.11538462   -7070 -271.923077
[36,] 3.25    1   10 0.10000000   -1440 -144.000000
[37,] 3.50    2   17 0.11764706   -2500 -147.058824
[38,] 3.75    1   12 0.08333333   -5240 -436.666667
[39,] 4.00    1   11 0.09090909   -1580 -143.636364
[40,] 4.25    0    3 0.00000000   -1500 -500.000000
[1] "<-----------7"
      [,1] [,2] [,3]       [,4]    [,5]        [,6]
 [1,] 0.00  267 1744 0.15309633 -339130 -194.455275
 [2,] 0.05    0    0 0.00000000       0    0.000000
 [3,] 0.10    3    8 0.37500000    1610  201.250000
 [4,] 0.15    1    8 0.12500000   -1880 -235.000000
 [5,] 0.20    5   25 0.20000000   -6620 -264.800000
 [6,] 0.25    3   31 0.09677419   -7640 -246.451613
 [7,] 0.30    5   25 0.20000000   -2020  -80.800000
 [8,] 0.35    3   37 0.08108108  -14330 -387.297297
 [9,] 0.40    4   47 0.08510638  -17300 -368.085106
[10,] 0.45    3   47 0.06382979  -16310 -347.021277
[11,] 0.50    7   69 0.10144928  -21190 -307.101449
[12,] 0.55    9   77 0.11688312  -19360 -251.428571
[13,] 0.60    9   65 0.13846154  -12780 -196.615385
[14,] 0.65   17   82 0.20731707    -590   -7.195122
[15,] 0.70    8   85 0.09411765  -23740 -279.294118
[16,] 0.75   11   88 0.12500000    4830   54.886364
[17,] 0.80   14   74 0.18918919   -7870 -106.351351
[18,] 0.85   10   71 0.14084507  -15490 -218.169014
[19,] 0.90   18   77 0.23376623    2350   30.519481
[20,] 0.95   13   80 0.16250000   -6190  -77.375000
[21,] 1.00   35  171 0.20467836    1880   10.994152
[22,] 1.10   27  110 0.24545455  -11840 -107.636364
[23,] 1.20   25  139 0.17985612   -2160  -15.539568
[24,] 1.30   11  102 0.10784314  -31430 -308.137255
[25,] 1.40   21  103 0.20388350    2730   26.504854
[26,] 1.50   13   78 0.16666667  -14460 -185.384615
[27,] 1.60   14   79 0.17721519  -12080 -152.911392
[28,] 1.70   10   74 0.13513514  -20170 -272.567568
[29,] 1.80    4   35 0.11428571  -12320 -352.000000
[30,] 1.90    2   34 0.05882353  -12920 -380.000000
[31,] 2.00   16   88 0.18181818  -21510 -244.431818
[32,] 2.25   10   58 0.17241379  -10740 -185.172414
[33,] 2.50    8   49 0.16326531   -7560 -154.285714
[34,] 2.75    1   32 0.03125000  -15350 -479.687500
[35,] 3.00    2   22 0.09090909   -7690 -349.545455
[36,] 3.25    0   17 0.00000000   -8500 -500.000000
[37,] 3.50    0    9 0.00000000   -4500 -500.000000
[38,] 3.75    2    7 0.28571429     240   34.285714
[39,] 4.00    0   14 0.00000000   -7000 -500.000000
[40,] 4.25    0    5 0.00000000   -2500 -500.000000
[1] "<-----------8"
      [,1] [,2] [,3]       [,4]    [,5]       [,6]
 [1,] 0.00  293 2018 0.14519326 -418590 -207.42815
 [2,] 0.05    1    3 0.33333333    4250 1416.66667
 [3,] 0.10    0    5 0.00000000   -2500 -500.00000
 [4,] 0.15    0   10 0.00000000   -5000 -500.00000
 [5,] 0.20    4   11 0.36363636    6340  576.36364
 [6,] 0.25    4   20 0.20000000    -310  -15.50000
 [7,] 0.30    4   28 0.14285714   -3280 -117.14286
 [8,] 0.35    3   49 0.06122449   -8900 -181.63265
 [9,] 0.40    6   39 0.15384615   -8070 -206.92308
[10,] 0.45   12   51 0.23529412   35450  695.09804
[11,] 0.50    9   40 0.22500000     580   14.50000
[12,] 0.55    6   52 0.11538462  -14500 -278.84615
[13,] 0.60    9   56 0.16071429  -12430 -221.96429
[14,] 0.65   12   60 0.20000000   -8380 -139.66667
[15,] 0.70   10   83 0.12048193  -25920 -312.28916
[16,] 0.75   11   73 0.15068493  -11540 -158.08219
[17,] 0.80   14   82 0.17073171  -17810 -217.19512
[18,] 0.85   13   75 0.17333333  -14680 -195.73333
[19,] 0.90   15   70 0.21428571   -1300  -18.57143
[20,] 0.95   11   64 0.17187500  -13990 -218.59375
[21,] 1.00   24  135 0.17777778  -21210 -157.11111
[22,] 1.10   21  121 0.17355372  -16320 -134.87603
[23,] 1.20   32  121 0.26446281    1740   14.38017
[24,] 1.30   14  100 0.14000000  -22220 -222.20000
[25,] 1.40   10   93 0.10752688  -31010 -333.44086
[26,] 1.50   11   66 0.16666667  -10600 -160.60606
[27,] 1.60   10   54 0.18518519   -6680 -123.70370
[28,] 1.70    8   48 0.16666667  -10580 -220.41667
[29,] 1.80    4   48 0.08333333  -15590 -324.79167
[30,] 1.90    5   40 0.12500000  -11300 -282.50000
[31,] 2.00   13   75 0.17333333   -8470 -112.93333
[32,] 2.25    3   52 0.05769231  -20240 -389.23077
[33,] 2.50    4   35 0.11428571  -11010 -314.57143
[34,] 2.75    7   30 0.23333333   -1000  -33.33333
[35,] 3.00    1   26 0.03846154  -11220 -431.53846
[36,] 3.25    1   14 0.07142857   -6020 -430.00000
[37,] 3.50    5    7 0.71428571    8560 1222.85714
[38,] 3.75    1    6 0.16666667   13580 2263.33333
[39,] 4.00    1    5 0.20000000   -1150 -230.00000
[40,] 4.25    0    5 0.00000000   -2500 -500.00000
[1] "<-----------9"
      [,1] [,2] [,3]       [,4]    [,5]        [,6]
 [1,] 0.00  344 2397 0.14351272 -458060 -191.097205
 [2,] 0.05    0    1 0.00000000    -500 -500.000000
 [3,] 0.10    2    7 0.28571429    3600  514.285714
 [4,] 0.15    5   10 0.50000000    2820  282.000000
 [5,] 0.20    0    8 0.00000000   -4000 -500.000000
 [6,] 0.25    5   22 0.22727273   -1850  -84.090909
 [7,] 0.30    3   24 0.12500000   -7210 -300.416667
 [8,] 0.35    3   22 0.13636364   -5530 -251.363636
 [9,] 0.40    6   31 0.19354839    1630   52.580645
[10,] 0.45    9   44 0.20454545   -4840 -110.000000
[11,] 0.50    4   29 0.13793103   -6870 -236.896552
[12,] 0.55   13   57 0.22807018    2020   35.438596
[13,] 0.60   12   51 0.23529412    4830   94.705882
[14,] 0.65    6   55 0.10909091  -13640 -248.000000
[15,] 0.70   11   56 0.19642857   -8520 -152.142857
[16,] 0.75    8   49 0.16326531  -16490 -336.530612
[17,] 0.80   13   78 0.16666667  -14040 -180.000000
[18,] 0.85   11   66 0.16666667  -10570 -160.151515
[19,] 0.90    6   51 0.11764706  -12020 -235.686275
[20,] 0.95    6   51 0.11764706  -15520 -304.313725
[21,] 1.00   17  105 0.16190476  -23360 -222.476190
[22,] 1.10   18   96 0.18750000   -7900  -82.291667
[23,] 1.20   22   83 0.26506024    -810   -9.759036
[24,] 1.30   14   92 0.15217391  -15680 -170.434783
[25,] 1.40    6   53 0.11320755  -19450 -366.981132
[26,] 1.50   12   63 0.19047619  -12230 -194.126984
[27,] 1.60   10   49 0.20408163   -6070 -123.877551
[28,] 1.70    5   43 0.11627907  -11200 -260.465116
[29,] 1.80    7   39 0.17948718  -10910 -279.743590
[30,] 1.90    5   27 0.18518519    4220  156.296296
[31,] 2.00   12   70 0.17142857   -1150  -16.428571
[32,] 2.25    7   43 0.16279070   -9180 -213.488372
[33,] 2.50    1   31 0.03225806  -13570 -437.741935
[34,] 2.75    1   25 0.04000000  -11380 -455.200000
[35,] 3.00    2   19 0.10526316   -7770 -408.947368
[36,] 3.25    1    9 0.11111111   -2490 -276.666667
[37,] 3.50    2    9 0.22222222    6330  703.333333
[38,] 3.75    1    4 0.25000000     480  120.000000
[39,] 4.00    0    3 0.00000000   -1500 -500.000000
[40,] 4.25    0    6 0.00000000   -3000 -500.000000
[1] "<-----------10"
      [,1] [,2] [,3]       [,4]    [,5]        [,6]
 [1,] 0.00  405 2869 0.14116417 -590640 -205.869641
 [2,] 0.05    1    2 0.50000000    2100 1050.000000
 [3,] 0.10    0    5 0.00000000   -2500 -500.000000
 [4,] 0.15    0    3 0.00000000   -1500 -500.000000
 [5,] 0.20    2    8 0.25000000   -1340 -167.500000
 [6,] 0.25    2   10 0.20000000   -2730 -273.000000
 [7,] 0.30    2   17 0.11764706   -6750 -397.058824
 [8,] 0.35    4   18 0.22222222   -2370 -131.666667
 [9,] 0.40    4   18 0.22222222     620   34.444444
[10,] 0.45    5   29 0.17241379    3460  119.310345
[11,] 0.50    3   31 0.09677419   -9640 -310.967742
[12,] 0.55    3   33 0.09090909  -11960 -362.424242
[13,] 0.60    8   31 0.25806452   30070  970.000000
[14,] 0.65    8   41 0.19512195   -3530  -86.097561
[15,] 0.70    8   42 0.19047619   -6120 -145.714286
[16,] 0.75    6   45 0.13333333  -13190 -293.111111
[17,] 0.80   10   46 0.21739130   -6500 -141.304348
[18,] 0.85   11   46 0.23913043    1040   22.608696
[19,] 0.90   11   39 0.28205128   -4730 -121.282051
[20,] 0.95    9   39 0.23076923    -240   -6.153846
[21,] 1.00   16   73 0.21917808  -11550 -158.219178
[22,] 1.10   18   81 0.22222222  -14250 -175.925926
[23,] 1.20   15   80 0.18750000    -640   -8.000000
[24,] 1.30    9   66 0.13636364  -12130 -183.787879
[25,] 1.40    7   44 0.15909091  -12720 -289.090909
[26,] 1.50    7   43 0.16279070   -9230 -214.651163
[27,] 1.60    8   36 0.22222222   -6350 -176.388889
[28,] 1.70    6   32 0.18750000   -7000 -218.750000
[29,] 1.80    2   22 0.09090909   -7560 -343.636364
[30,] 1.90    4   26 0.15384615    8100  311.538462
[31,] 2.00   10   37 0.27027027    5600  151.351351
[32,] 2.25    1   25 0.04000000  -10540 -421.600000
[33,] 2.50    1   21 0.04761905   -2750 -130.952381
[34,] 2.75    0    4 0.00000000   -2000 -500.000000
[35,] 3.00    2    7 0.28571429    2390  341.428571
[36,] 3.25    3    6 0.50000000    1560  260.000000
[37,] 3.50    0    3 0.00000000   -1500 -500.000000
[38,] 3.75    1    2 0.50000000     410  205.000000
[39,] 4.00    0    0 0.00000000       0    0.000000
[40,] 4.25    0    2 0.00000000   -1000 -500.000000
[1] "<-----------11"
      [,1] [,2] [,3]      [,4]    [,5]        [,6]
 [1,] 0.00  465 3277 0.1418981 -666800 -203.478792
 [2,] 0.05    1    1 1.0000000     650  650.000000
 [3,] 0.10    0    1 0.0000000    -500 -500.000000
 [4,] 0.15    1    3 0.3333333    1720  573.333333
 [5,] 0.20    1    4 0.2500000    -720 -180.000000
 [6,] 0.25    2    8 0.2500000    -250  -31.250000
 [7,] 0.30    5   11 0.4545455    5550  504.545455
 [8,] 0.35    2    9 0.2222222     -60   -6.666667
 [9,] 0.40    2   10 0.2000000    -500  -50.000000
[10,] 0.45    3    9 0.3333333     580   64.444444
[11,] 0.50    6   18 0.3333333    -460  -25.555556
[12,] 0.55    6   19 0.3157895    4840  254.736842
[13,] 0.60    3   22 0.1363636   -6100 -277.272727
[14,] 0.65    5   29 0.1724138   -5600 -193.103448
[15,] 0.70    8   30 0.2666667    7390  246.333333
[16,] 0.75    3   26 0.1153846   -7340 -282.307692
[17,] 0.80    7   34 0.2058824   -5440 -160.000000
[18,] 0.85    6   29 0.2068966   -1950  -67.241379
[19,] 0.90    7   29 0.2413793   -1020  -35.172414
[20,] 0.95    7   25 0.2800000    1810   72.400000
[21,] 1.00    8   53 0.1509434  -11710 -220.943396
[22,] 1.10    9   57 0.1578947  -12010 -210.701754
[23,] 1.20    6   42 0.1428571  -11020 -262.380952
[24,] 1.30    9   49 0.1836735   -9520 -194.285714
[25,] 1.40    2   16 0.1250000   -4950 -309.375000
[26,] 1.50    9   29 0.3103448    3720  128.275862
[27,] 1.60    8   27 0.2962963   30080 1114.074074
[28,] 1.70    3   24 0.1250000   -6290 -262.083333
[29,] 1.80    2   21 0.0952381   -6810 -324.285714
[30,] 1.90    2   11 0.1818182   -2930 -266.363636
[31,] 2.00    5   20 0.2500000    2090  104.500000
[32,] 2.25    4   13 0.3076923    -300  -23.076923
[33,] 2.50    2   11 0.1818182   -3010 -273.636364
[34,] 2.75    1    6 0.1666667    -740 -123.333333
[35,] 3.00    2    7 0.2857143     740  105.714286
[36,] 3.25    0    3 0.0000000   -1500 -500.000000
[37,] 3.50    0    2 0.0000000   -1000 -500.000000
[38,] 3.75    0    2 0.0000000   -1000 -500.000000
[39,] 4.00    0    0 0.0000000       0    0.000000
[40,] 4.25    0    0 0.0000000       0    0.000000
[1] "<-----------12"
      [,1] [,2] [,3]       [,4]    [,5]       [,6]
 [1,] 0.00  527 3570 0.14761905 -676310 -189.44258
 [2,] 0.05    0    0 0.00000000       0    0.00000
 [3,] 0.10    0    0 0.00000000       0    0.00000
 [4,] 0.15    0    2 0.00000000   -1000 -500.00000
 [5,] 0.20    2    6 0.33333333    1380  230.00000
 [6,] 0.25    0    2 0.00000000   -1000 -500.00000
 [7,] 0.30    1    4 0.25000000    -760 -190.00000
 [8,] 0.35    2    8 0.25000000    -840 -105.00000
 [9,] 0.40    1   11 0.09090909   -5050 -459.09091
[10,] 0.45    2   11 0.18181818   -3950 -359.09091
[11,] 0.50    4   14 0.28571429   24740 1767.14286
[12,] 0.55    4   18 0.22222222   -3830 -212.77778
[13,] 0.60    1   16 0.06250000   -7320 -457.50000
[14,] 0.65    4   16 0.25000000     860   53.75000
[15,] 0.70    4   16 0.25000000    -280  -17.50000
[16,] 0.75    4   18 0.22222222     630   35.00000
[17,] 0.80    6   19 0.31578947    3340  175.78947
[18,] 0.85    3   18 0.16666667   -1680  -93.33333
[19,] 0.90    3   21 0.14285714   -5720 -272.38095
[20,] 0.95    5   21 0.23809524   -3390 -161.42857
[21,] 1.00    5   31 0.16129032   -6530 -210.64516
[22,] 1.10    7   36 0.19444444   -8130 -225.83333
[23,] 1.20    6   20 0.30000000     930   46.50000
[24,] 1.30    7   25 0.28000000     370   14.80000
[25,] 1.40    5   22 0.22727273   -2460 -111.81818
[26,] 1.50    4   21 0.19047619   -3080 -146.66667
[27,] 1.60    1    9 0.11111111   -1730 -192.22222
[28,] 1.70    1   13 0.07692308   -3020 -232.30769
[29,] 1.80    1    6 0.16666667   -2250 -375.00000
[30,] 1.90    0    1 0.00000000    -500 -500.00000
[31,] 2.00    1    6 0.16666667   -1640 -273.33333
[32,] 2.25    0    1 0.00000000    -500 -500.00000
[33,] 2.50    0    4 0.00000000   -2000 -500.00000
[34,] 2.75    1    2 0.50000000    -340 -170.00000
[35,] 3.00    0    0 0.00000000       0    0.00000
[36,] 3.25    0    0 0.00000000       0    0.00000
[37,] 3.50    0    0 0.00000000       0    0.00000
[38,] 3.75    0    0 0.00000000       0    0.00000
[39,] 4.00    0    0 0.00000000       0    0.00000
[40,] 4.25    0    0 0.00000000       0    0.00000
[1] "<-----------13"
      [,1] [,2] [,3]      [,4]    [,5]       [,6]
 [1,] 0.00  578 3838 0.1505993 -716870 -186.78218
 [2,] 0.05    0    0 0.0000000       0    0.00000
 [3,] 0.10    0    0 0.0000000       0    0.00000
 [4,] 0.15    0    0 0.0000000       0    0.00000
 [5,] 0.20    0    2 0.0000000   -1000 -500.00000
 [6,] 0.25    0    0 0.0000000       0    0.00000
 [7,] 0.30    1    2 0.5000000     650  325.00000
 [8,] 0.35    1    3 0.3333333    -750 -250.00000
 [9,] 0.40    0    2 0.0000000   -1000 -500.00000
[10,] 0.45    2    4 0.5000000     720  180.00000
[11,] 0.50    0    3 0.0000000   -1500 -500.00000
[12,] 0.55    1    8 0.1250000   -2950 -368.75000
[13,] 0.60    2    4 0.5000000    2030  507.50000
[14,] 0.65    0    4 0.0000000   -2000 -500.00000
[15,] 0.70    2    8 0.2500000      30    3.75000
[16,] 0.75    1    6 0.1666667   -2010 -335.00000
[17,] 0.80    0    5 0.0000000   -2500 -500.00000
[18,] 0.85    0    7 0.0000000   -3500 -500.00000
[19,] 0.90    0    9 0.0000000   -4500 -500.00000
[20,] 0.95    4    7 0.5714286    1920  274.28571
[21,] 1.00    4   14 0.2857143   22560 1611.42857
[22,] 1.10    5   12 0.4166667     790   65.83333
[23,] 1.20    4   11 0.3636364    3140  285.45455
[24,] 1.30    0   12 0.0000000   -6000 -500.00000
[25,] 1.40    3    9 0.3333333    1710  190.00000
[26,] 1.50    0    5 0.0000000   -2500 -500.00000
[27,] 1.60    0    2 0.0000000   -1000 -500.00000
[28,] 1.70    2    4 0.5000000    2810  702.50000
[29,] 1.80    0    2 0.0000000   -1000 -500.00000
[30,] 1.90    2    3 0.6666667    2640  880.00000
[31,] 2.00    0    2 0.0000000   -1000 -500.00000
[32,] 2.25    0    0 0.0000000       0    0.00000
[33,] 2.50    0    0 0.0000000       0    0.00000
[34,] 2.75    0    0 0.0000000       0    0.00000
[35,] 3.00    0    0 0.0000000       0    0.00000
[36,] 3.25    0    0 0.0000000       0    0.00000
[37,] 3.50    1    1 1.0000000     860  860.00000
[38,] 3.75    0    0 0.0000000       0    0.00000
[39,] 4.00    0    0 0.0000000       0    0.00000
[40,] 4.25    0    0 0.0000000       0    0.00000
[1] "<-----------14"
      [,1] [,2] [,3]      [,4]    [,5]        [,6]
 [1,] 0.00  595 3929 0.1514380 -737330  -187.66353
 [2,] 0.05    0    0 0.0000000       0     0.00000
 [3,] 0.10    0    0 0.0000000       0     0.00000
 [4,] 0.15    1    1 1.0000000     790   790.00000
 [5,] 0.20    0    1 0.0000000    -500  -500.00000
 [6,] 0.25    0    0 0.0000000       0     0.00000
 [7,] 0.30    1    1 1.0000000     250   250.00000
 [8,] 0.35    0    1 0.0000000    -500  -500.00000
 [9,] 0.40    1    5 0.2000000     570   114.00000
[10,] 0.45    1    1 1.0000000    2340  2340.00000
[11,] 0.50    0    3 0.0000000   -1500  -500.00000
[12,] 0.55    1    1 1.0000000     -50   -50.00000
[13,] 0.60    0    2 0.0000000   -1000  -500.00000
[14,] 0.65    1    3 0.3333333    -660  -220.00000
[15,] 0.70    0    1 0.0000000    -500  -500.00000
[16,] 0.75    1    2 0.5000000     500   250.00000
[17,] 0.80    0    4 0.0000000   -2000  -500.00000
[18,] 0.85    1    3 0.3333333     190    63.33333
[19,] 0.90    0    6 0.0000000   -3000  -500.00000
[20,] 0.95    0    2 0.0000000   -1000  -500.00000
[21,] 1.00    2    5 0.4000000    1150   230.00000
[22,] 1.10    2    7 0.2857143     530    75.71429
[23,] 1.20    1    2 0.5000000   24820 12410.00000
[24,] 1.30    3    5 0.6000000    5980  1196.00000
[25,] 1.40    0    1 0.0000000    -500  -500.00000
[26,] 1.50    0    1 0.0000000    -500  -500.00000
[27,] 1.60    0    1 0.0000000    -500  -500.00000
[28,] 1.70    1    1 1.0000000     840   840.00000
[29,] 1.80    1    1 1.0000000     860   860.00000
[30,] 1.90    0    0 0.0000000       0     0.00000
[31,] 2.00    0    0 0.0000000       0     0.00000
[32,] 2.25    0    0 0.0000000       0     0.00000
[33,] 2.50    0    0 0.0000000       0     0.00000
[34,] 2.75    0    0 0.0000000       0     0.00000
[35,] 3.00    0    0 0.0000000       0     0.00000
[36,] 3.25    0    0 0.0000000       0     0.00000
[37,] 3.50    0    0 0.0000000       0     0.00000
[38,] 3.75    0    0 0.0000000       0     0.00000
[39,] 4.00    0    0 0.0000000       0     0.00000
[40,] 4.25    0    0 0.0000000       0     0.00000
[1] "<-----------15"
      [,1] [,2] [,3]      [,4]    [,5]      [,6]
 [1,] 0.00  613 3989 0.1536726 -710220 -178.0446
 [2,] 0.05    0    0 0.0000000       0    0.0000
 [3,] 0.10    0    0 0.0000000       0    0.0000
 [4,] 0.15    0    0 0.0000000       0    0.0000
 [5,] 0.20    0    0 0.0000000       0    0.0000
 [6,] 0.25    0    0 0.0000000       0    0.0000
 [7,] 0.30    0    0 0.0000000       0    0.0000
 [8,] 0.35    0    0 0.0000000       0    0.0000
 [9,] 0.40    0    1 0.0000000    -500 -500.0000
[10,] 0.45    0    0 0.0000000       0    0.0000
[11,] 0.50    0    0 0.0000000       0    0.0000
[12,] 0.55    0    0 0.0000000       0    0.0000
[13,] 0.60    0    0 0.0000000       0    0.0000
[14,] 0.65    0    0 0.0000000       0    0.0000
[15,] 0.70    0    0 0.0000000       0    0.0000
[16,] 0.75    0    0 0.0000000       0    0.0000
[17,] 0.80    0    0 0.0000000       0    0.0000
[18,] 0.85    0    0 0.0000000       0    0.0000
[19,] 0.90    0    0 0.0000000       0    0.0000
[20,] 0.95    0    0 0.0000000       0    0.0000
[21,] 1.00    0    0 0.0000000       0    0.0000
[22,] 1.10    0    0 0.0000000       0    0.0000
[23,] 1.20    0    0 0.0000000       0    0.0000
[24,] 1.30    0    0 0.0000000       0    0.0000
[25,] 1.40    0    0 0.0000000       0    0.0000
[26,] 1.50    0    0 0.0000000       0    0.0000
[27,] 1.60    0    0 0.0000000       0    0.0000
[28,] 1.70    0    0 0.0000000       0    0.0000
[29,] 1.80    0    0 0.0000000       0    0.0000
[30,] 1.90    0    0 0.0000000       0    0.0000
[31,] 2.00    0    0 0.0000000       0    0.0000
[32,] 2.25    0    0 0.0000000       0    0.0000
[33,] 2.50    0    0 0.0000000       0    0.0000
[34,] 2.75    0    0 0.0000000       0    0.0000
[35,] 3.00    0    0 0.0000000       0    0.0000
[36,] 3.25    0    0 0.0000000       0    0.0000
[37,] 3.50    0    0 0.0000000       0    0.0000
[38,] 3.75    0    0 0.0000000       0    0.0000
[39,] 4.00    0    0 0.0000000       0    0.0000
[40,] 4.25    0    0 0.0000000       0    0.0000
[1] "<-----------16"
      [,1] [,2] [,3]      [,4]    [,5]      [,6]
 [1,] 0.00  613 3990 0.1536341 -710720 -178.1253
 [2,] 0.05    0    0 0.0000000       0    0.0000
 [3,] 0.10    0    0 0.0000000       0    0.0000
 [4,] 0.15    0    0 0.0000000       0    0.0000
 [5,] 0.20    0    0 0.0000000       0    0.0000
 [6,] 0.25    0    0 0.0000000       0    0.0000
 [7,] 0.30    0    0 0.0000000       0    0.0000
 [8,] 0.35    0    0 0.0000000       0    0.0000
 [9,] 0.40    0    0 0.0000000       0    0.0000
[10,] 0.45    0    0 0.0000000       0    0.0000
[11,] 0.50    0    0 0.0000000       0    0.0000
[12,] 0.55    0    0 0.0000000       0    0.0000
[13,] 0.60    0    0 0.0000000       0    0.0000
[14,] 0.65    0    0 0.0000000       0    0.0000
[15,] 0.70    0    0 0.0000000       0    0.0000
[16,] 0.75    0    0 0.0000000       0    0.0000
[17,] 0.80    0    0 0.0000000       0    0.0000
[18,] 0.85    0    0 0.0000000       0    0.0000
[19,] 0.90    0    0 0.0000000       0    0.0000
[20,] 0.95    0    0 0.0000000       0    0.0000
[21,] 1.00    0    0 0.0000000       0    0.0000
[22,] 1.10    0    0 0.0000000       0    0.0000
[23,] 1.20    0    0 0.0000000       0    0.0000
[24,] 1.30    0    0 0.0000000       0    0.0000
[25,] 1.40    0    0 0.0000000       0    0.0000
[26,] 1.50    0    0 0.0000000       0    0.0000
[27,] 1.60    0    0 0.0000000       0    0.0000
[28,] 1.70    0    0 0.0000000       0    0.0000
[29,] 1.80    0    0 0.0000000       0    0.0000
[30,] 1.90    0    0 0.0000000       0    0.0000
[31,] 2.00    0    0 0.0000000       0    0.0000
[32,] 2.25    0    0 0.0000000       0    0.0000
[33,] 2.50    0    0 0.0000000       0    0.0000
[34,] 2.75    0    0 0.0000000       0    0.0000
[35,] 3.00    0    0 0.0000000       0    0.0000
[36,] 3.25    0    0 0.0000000       0    0.0000
[37,] 3.50    0    0 0.0000000       0    0.0000
[38,] 3.75    0    0 0.0000000       0    0.0000
[39,] 4.00    0    0 0.0000000       0    0.0000
[40,] 4.25    0    0 0.0000000       0    0.0000
[1] "<-----------17"
      [,1] [,2] [,3]      [,4]    [,5]      [,6]
 [1,]    0   33  235 0.1404255  -49710 -211.5319
 [2,]    1    0    0 0.0000000       0    0.0000
 [3,]    2   51  509 0.1001965 -139940 -274.9312
 [4,]    3   46  267 0.1722846  -41300 -154.6816
 [5,]    4   85  671 0.1266766 -158880 -236.7809
 [6,]    5   90  545 0.1651376  -74920 -137.4679
 [7,]    6   91  610 0.1491803  -97570 -159.9508
 [8,]    7   74  407 0.1818182  -71740 -176.2654
 [9,]    8   59  334 0.1766467  -53400 -159.8802
[10,]    9   33  179 0.1843575  -22680 -126.7039
[11,]   10   24  106 0.2264151  -18560 -175.0943
[12,]   11   12   40 0.3000000    3990   99.7500
[13,]   12    7   21 0.3333333   30250 1440.4762
[14,]   13    0    3 0.0000000   -1500 -500.0000
[15,]   14    0    1 0.0000000    -500 -500.0000
[16,]   15    0    0 0.0000000       0    0.0000
[17,]   16    0    0 0.0000000       0    0.0000
[18,]   17    0    0 0.0000000       0    0.0000
[19,]   18    0    0 0.0000000       0    0.0000
[20,]   19    0    0 0.0000000       0    0.0000
[21,]   20    0    0 0.0000000       0    0.0000
[22,]   21    0    0 0.0000000       0    0.0000
[23,]   22    0    0 0.0000000       0    0.0000
[24,]   23    0    0 0.0000000       0    0.0000
[25,]   24    0    0 0.0000000       0    0.0000
[26,]   25    0    0 0.0000000       0    0.0000
[27,]   26    0    0 0.0000000       0    0.0000
[28,]   27    0    0 0.0000000       0    0.0000
[29,]   28    0    0 0.0000000       0    0.0000
[30,]   29    0    0 0.0000000       0    0.0000
[31,]   30    0    0 0.0000000       0    0.0000
[32,]   31    0    0 0.0000000       0    0.0000
[33,]   32    0    0 0.0000000       0    0.0000
[34,]   33    0    0 0.0000000       0    0.0000
[35,]   34    0    0 0.0000000       0    0.0000
[36,]   35    0    0 0.0000000       0    0.0000
[37,]   36    0    0 0.0000000       0    0.0000
[38,]   37    0    0 0.0000000       0    0.0000
[39,]   38    0    0 0.0000000       0    0.0000
[40,]   39    0    0 0.0000000       0    0.0000
