[1] "<-----------1"
      [,1] [,2] [,3]      [,4]  [,5]        [,6]
 [1,] 0.00   71  198 0.3585859 18540   93.636364
 [2,] 0.05    0    0 0.0000000     0    0.000000
 [3,] 0.10    0    0 0.0000000     0    0.000000
 [4,] 0.15    0    0 0.0000000     0    0.000000
 [5,] 0.20    0    0 0.0000000     0    0.000000
 [6,] 0.25    0    0 0.0000000     0    0.000000
 [7,] 0.30    0    0 0.0000000     0    0.000000
 [8,] 0.35    0    0 0.0000000     0    0.000000
 [9,] 0.40    0    0 0.0000000     0    0.000000
[10,] 0.45    0    0 0.0000000     0    0.000000
[11,] 0.50    0    0 0.0000000     0    0.000000
[12,] 0.55    0    0 0.0000000     0    0.000000
[13,] 0.60    0    0 0.0000000     0    0.000000
[14,] 0.65    0    0 0.0000000     0    0.000000
[15,] 0.70    0    0 0.0000000     0    0.000000
[16,] 0.75    0    0 0.0000000     0    0.000000
[17,] 0.80    0    1 0.0000000  -800 -800.000000
[18,] 0.85    0    0 0.0000000     0    0.000000
[19,] 0.90    0    1 0.0000000  -800 -800.000000
[20,] 0.95    0    0 0.0000000     0    0.000000
[21,] 1.00    0    3 0.0000000 -2400 -800.000000
[22,] 1.10    3    4 0.7500000  3420  855.000000
[23,] 1.20    4    9 0.4444444  3150  350.000000
[24,] 1.30    3    6 0.5000000  1600  266.666667
[25,] 1.40    2    3 0.6666667  1650  550.000000
[26,] 1.50    2    5 0.4000000  -530 -106.000000
[27,] 1.60    1    2 0.5000000   250  125.000000
[28,] 1.70    1    3 0.3333333   410  136.666667
[29,] 1.80    2    3 0.6666667  3060 1020.000000
[30,] 1.90    0    2 0.0000000 -1600 -800.000000
[31,] 2.00    1    5 0.2000000 -2380 -476.000000
[32,] 2.25    0    4 0.0000000 -3200 -800.000000
[33,] 2.50    0    1 0.0000000  -800 -800.000000
[34,] 2.75    1    3 0.3333333   -20   -6.666667
[35,] 3.00    0    0 0.0000000     0    0.000000
[36,] 3.25    0    1 0.0000000  -800 -800.000000
[37,] 3.50    0    0 0.0000000     0    0.000000
[38,] 3.75    0    0 0.0000000     0    0.000000
[39,] 4.00    0    0 0.0000000     0    0.000000
[40,] 4.25    1    1 1.0000000  2420 2420.000000
[1] "<-----------2"
      [,1] [,2] [,3]      [,4]  [,5]       [,6]
 [1,] 0.00   52  144 0.3611111 16200  112.50000
 [2,] 0.05    0    0 0.0000000     0    0.00000
 [3,] 0.10    0    0 0.0000000     0    0.00000
 [4,] 0.15    0    0 0.0000000     0    0.00000
 [5,] 0.20    0    0 0.0000000     0    0.00000
 [6,] 0.25    0    0 0.0000000     0    0.00000
 [7,] 0.30    0    0 0.0000000     0    0.00000
 [8,] 0.35    0    0 0.0000000     0    0.00000
 [9,] 0.40    0    1 0.0000000  -800 -800.00000
[10,] 0.45    1    4 0.2500000 -1580 -395.00000
[11,] 0.50    1    1 1.0000000  1640 1640.00000
[12,] 0.55    2    3 0.6666667  3670 1223.33333
[13,] 0.60    1    3 0.3333333  -330 -110.00000
[14,] 0.65    2   12 0.1666667 -5820 -485.00000
[15,] 0.70    3    9 0.3333333  -120  -13.33333
[16,] 0.75    0    2 0.0000000 -1600 -800.00000
[17,] 0.80    2    6 0.3333333  -730 -121.66667
[18,] 0.85    0    2 0.0000000 -1600 -800.00000
[19,] 0.90    3    5 0.6000000  1800  360.00000
[20,] 0.95    1    5 0.2000000 -1770 -354.00000
[21,] 1.00    3    7 0.4285714   820  117.14286
[22,] 1.10    4   11 0.3636364  1770  160.90909
[23,] 1.20    3    5 0.6000000  4670  934.00000
[24,] 1.30    4   12 0.3333333 -2000 -166.66667
[25,] 1.40    1    5 0.2000000 -2460 -492.00000
[26,] 1.50    1    1 1.0000000  2610 2610.00000
[27,] 1.60    1    3 0.3333333  -640 -213.33333
[28,] 1.70    0    2 0.0000000 -1600 -800.00000
[29,] 1.80    1    3 0.3333333  1190  396.66667
[30,] 1.90    2    3 0.6666667  3100 1033.33333
[31,] 2.00    1    2 0.5000000   700  350.00000
[32,] 2.25    1    2 0.5000000   240  120.00000
[33,] 2.50    1    2 0.5000000   940  470.00000
[34,] 2.75    0    0 0.0000000     0    0.00000
[35,] 3.00    1    1 1.0000000  2070 2070.00000
[36,] 3.25    0    0 0.0000000     0    0.00000
[37,] 3.50    0    0 0.0000000     0    0.00000
[38,] 3.75    0    0 0.0000000     0    0.00000
[39,] 4.00    0    0 0.0000000     0    0.00000
[40,] 4.25    0    0 0.0000000     0    0.00000
[1] "<-----------3"
      [,1] [,2] [,3]      [,4]  [,5]        [,6]
 [1,] 0.00   42  103 0.4077670 20990  203.786408
 [2,] 0.05    0    0 0.0000000     0    0.000000
 [3,] 0.10    0    0 0.0000000     0    0.000000
 [4,] 0.15    0    0 0.0000000     0    0.000000
 [5,] 0.20    0    0 0.0000000     0    0.000000
 [6,] 0.25    0    1 0.0000000  -800 -800.000000
 [7,] 0.30    0    1 0.0000000  -800 -800.000000
 [8,] 0.35    0    0 0.0000000     0    0.000000
 [9,] 0.40    1    2 0.5000000  1020  510.000000
[10,] 0.45    2    4 0.5000000   410  102.500000
[11,] 0.50    2    3 0.6666667  3560 1186.666667
[12,] 0.55    5    7 0.7142857  6820  974.285714
[13,] 0.60    3    7 0.4285714  1800  257.142857
[14,] 0.65    1    8 0.1250000 -4320 -540.000000
[15,] 0.70    3   10 0.3000000   550   55.000000
[16,] 0.75    2   11 0.1818182 -4150 -377.272727
[17,] 0.80    0    2 0.0000000 -1600 -800.000000
[18,] 0.85    2    7 0.2857143 -1220 -174.285714
[19,] 0.90    1    2 0.5000000   790  395.000000
[20,] 0.95    1    6 0.1666667 -2000 -333.333333
[21,] 1.00    7   13 0.5384615  8540  656.923077
[22,] 1.10    3    9 0.3333333    10    1.111111
[23,] 1.20    4    8 0.5000000  4750  593.750000
[24,] 1.30    2   14 0.1428571 -6270 -447.857143
[25,] 1.40    3   11 0.2727273 -2660 -241.818182
[26,] 1.50    1    6 0.1666667 -3180 -530.000000
[27,] 1.60    1    4 0.2500000 -1280 -320.000000
[28,] 1.70    0    3 0.0000000 -2400 -800.000000
[29,] 1.80    0    2 0.0000000 -1600 -800.000000
[30,] 1.90    2    3 0.6666667  2320  773.333333
[31,] 2.00    0    1 0.0000000  -800 -800.000000
[32,] 2.25    1    2 0.5000000   160   80.000000
[33,] 2.50    1    1 1.0000000  1520 1520.000000
[34,] 2.75    0    0 0.0000000     0    0.000000
[35,] 3.00    2    4 0.5000000  1010  252.500000
[36,] 3.25    0    0 0.0000000     0    0.000000
[37,] 3.50    0    0 0.0000000     0    0.000000
[38,] 3.75    0    0 0.0000000     0    0.000000
[39,] 4.00    0    0 0.0000000     0    0.000000
[40,] 4.25    0    0 0.0000000     0    0.000000
[1] "<-----------4"
      [,1] [,2] [,3]      [,4]  [,5]       [,6]
 [1,] 0.00   32   87 0.3678161  8820  101.37931
 [2,] 0.05    0    0 0.0000000     0    0.00000
 [3,] 0.10    0    0 0.0000000     0    0.00000
 [4,] 0.15    1    1 1.0000000  2420 2420.00000
 [5,] 0.20    0    0 0.0000000     0    0.00000
 [6,] 0.25    0    1 0.0000000  -800 -800.00000
 [7,] 0.30    0    0 0.0000000     0    0.00000
 [8,] 0.35    1    2 0.5000000  1820  910.00000
 [9,] 0.40    1    2 0.5000000   -60  -30.00000
[10,] 0.45    0    3 0.0000000 -2400 -800.00000
[11,] 0.50    1    3 0.3333333  -350 -116.66667
[12,] 0.55    2    3 0.6666667  2180  726.66667
[13,] 0.60    2    9 0.2222222  -790  -87.77778
[14,] 0.65    5   10 0.5000000  3230  323.00000
[15,] 0.70    1    3 0.3333333  -270  -90.00000
[16,] 0.75    2    8 0.2500000  1380  172.50000
[17,] 0.80    3   10 0.3000000   130   13.00000
[18,] 0.85    3    9 0.3333333  1380  153.33333
[19,] 0.90    4    7 0.5714286  3270  467.14286
[20,] 0.95    3    6 0.5000000  3220  536.66667
[21,] 1.00    2   11 0.1818182 -2440 -221.81818
[22,] 1.10    6   10 0.6000000  4200  420.00000
[23,] 1.20    3   11 0.2727273 -2970 -270.00000
[24,] 1.30    3    9 0.3333333 -1100 -122.22222
[25,] 1.40    2    9 0.2222222 -3880 -431.11111
[26,] 1.50    3    7 0.4285714  2200  314.28571
[27,] 1.60    3    9 0.3333333  1860  206.66667
[28,] 1.70    2    8 0.2500000 -1660 -207.50000
[29,] 1.80    0    2 0.0000000 -1600 -800.00000
[30,] 1.90    0    3 0.0000000 -2400 -800.00000
[31,] 2.00    2    4 0.5000000  1620  405.00000
[32,] 2.25    1    2 0.5000000    80   40.00000
[33,] 2.50    1    2 0.5000000   160   80.00000
[34,] 2.75    0    1 0.0000000  -800 -800.00000
[35,] 3.00    0    1 0.0000000  -800 -800.00000
[36,] 3.25    1    1 1.0000000  1980 1980.00000
[37,] 3.50    1    1 1.0000000  1640 1640.00000
[38,] 3.75    0    0 0.0000000     0    0.00000
[39,] 4.00    0    0 0.0000000     0    0.00000
[40,] 4.25    0    0 0.0000000     0    0.00000
[1] "<-----------5"
      [,1] [,2] [,3]      [,4]   [,5]      [,6]
 [1,] 0.00   24   93 0.2580645 -12510 -134.5161
 [2,] 0.05    0    0 0.0000000      0    0.0000
 [3,] 0.10    0    1 0.0000000   -800 -800.0000
 [4,] 0.15    0    0 0.0000000      0    0.0000
 [5,] 0.20    0    0 0.0000000      0    0.0000
 [6,] 0.25    1    1 1.0000000   1980 1980.0000
 [7,] 0.30    1    4 0.2500000  -1660 -415.0000
 [8,] 0.35    0    1 0.0000000   -800 -800.0000
 [9,] 0.40    2    3 0.6666667   2320  773.3333
[10,] 0.45    0    2 0.0000000  -1600 -800.0000
[11,] 0.50    3    6 0.5000000   2730  455.0000
[12,] 0.55    3    5 0.6000000   2880  576.0000
[13,] 0.60    4    7 0.5714286   2940  420.0000
[14,] 0.65    4   12 0.3333333  -1220 -101.6667
[15,] 0.70    4    8 0.5000000   1410  176.2500
[16,] 0.75    7    9 0.7777778  13510 1501.1111
[17,] 0.80    1    8 0.1250000  -4320 -540.0000
[18,] 0.85    4    9 0.4444444   1170  130.0000
[19,] 0.90    1    4 0.2500000   -120  -30.0000
[20,] 0.95    1    5 0.2000000  -2060 -412.0000
[21,] 1.00    0    8 0.0000000  -6400 -800.0000
[22,] 1.10    5   13 0.3846154   1750  134.6154
[23,] 1.20    4    9 0.4444444   2060  228.8889
[24,] 1.30    3   10 0.3000000   -550  -55.0000
[25,] 1.40    6    9 0.6666667   8670  963.3333
[26,] 1.50    0    2 0.0000000  -1600 -800.0000
[27,] 1.60    2    4 0.5000000    500  125.0000
[28,] 1.70    1    4 0.2500000   -410 -102.5000
[29,] 1.80    1    3 0.3333333    910  303.3333
[30,] 1.90    2    3 0.6666667   2640  880.0000
[31,] 2.00    4    5 0.8000000   5580 1116.0000
[32,] 2.25    2    4 0.5000000   1120  280.0000
[33,] 2.50    0    0 0.0000000      0    0.0000
[34,] 2.75    1    2 0.5000000   1330  665.0000
[35,] 3.00    0    0 0.0000000      0    0.0000
[36,] 3.25    1    1 1.0000000   1720 1720.0000
[37,] 3.50    0    0 0.0000000      0    0.0000
[38,] 3.75    0    0 0.0000000      0    0.0000
[39,] 4.00    0    0 0.0000000      0    0.0000
[40,] 4.25    0    1 0.0000000   -800 -800.0000
[1] "<-----------6"
      [,1] [,2] [,3]      [,4]  [,5]       [,6]
 [1,] 0.00   37  102 0.3627451 12410  121.66667
 [2,] 0.05    0    0 0.0000000     0    0.00000
 [3,] 0.10    0    0 0.0000000     0    0.00000
 [4,] 0.15    0    1 0.0000000  -800 -800.00000
 [5,] 0.20    0    0 0.0000000     0    0.00000
 [6,] 0.25    1    3 0.3333333   560  186.66667
 [7,] 0.30    0    2 0.0000000 -1600 -800.00000
 [8,] 0.35    0    2 0.0000000 -1600 -800.00000
 [9,] 0.40    1    1 1.0000000  1280 1280.00000
[10,] 0.45    0    6 0.0000000 -4800 -800.00000
[11,] 0.50    3    9 0.3333333   550   61.11111
[12,] 0.55    3    6 0.5000000  2610  435.00000
[13,] 0.60    4    6 0.6666667  5520  920.00000
[14,] 0.65    6   12 0.5000000  3620  301.66667
[15,] 0.70    1    6 0.1666667 -3020 -503.33333
[16,] 0.75    4    5 0.8000000  5000 1000.00000
[17,] 0.80    5   10 0.5000000  4320  432.00000
[18,] 0.85    2    5 0.4000000   420   84.00000
[19,] 0.90    2    8 0.2500000 -2050 -256.25000
[20,] 0.95    2    8 0.2500000 -2080 -260.00000
[21,] 1.00    2   13 0.1538462 -5600 -430.76923
[22,] 1.10    1    7 0.1428571 -3620 -517.14286
[23,] 1.20    2    5 0.4000000   750  150.00000
[24,] 1.30    2    7 0.2857143   890  127.14286
[25,] 1.40    3    6 0.5000000  3490  581.66667
[26,] 1.50    2    4 0.5000000   960  240.00000
[27,] 1.60    0    2 0.0000000 -1600 -800.00000
[28,] 1.70    2    3 0.6666667  2980  993.33333
[29,] 1.80    1    3 0.3333333   100   33.33333
[30,] 1.90    0    2 0.0000000 -1600 -800.00000
[31,] 2.00    2    4 0.5000000  1940  485.00000
[32,] 2.25    2    4 0.5000000  1280  320.00000
[33,] 2.50    2    3 0.6666667   860  286.66667
[34,] 2.75    0    0 0.0000000     0    0.00000
[35,] 3.00    0    0 0.0000000     0    0.00000
[36,] 3.25    0    0 0.0000000     0    0.00000
[37,] 3.50    0    0 0.0000000     0    0.00000
[38,] 3.75    0    0 0.0000000     0    0.00000
[39,] 4.00    0    0 0.0000000     0    0.00000
[40,] 4.25    0    0 0.0000000     0    0.00000
[1] "<-----------7"
      [,1] [,2] [,3]      [,4]  [,5]       [,6]
 [1,] 0.00   40  109 0.3669725 12950  118.80734
 [2,] 0.05    0    0 0.0000000     0    0.00000
 [3,] 0.10    0    0 0.0000000     0    0.00000
 [4,] 0.15    0    0 0.0000000     0    0.00000
 [5,] 0.20    1    2 0.5000000   470  235.00000
 [6,] 0.25    0    2 0.0000000 -1600 -800.00000
 [7,] 0.30    1    1 1.0000000   980  980.00000
 [8,] 0.35    0    0 0.0000000     0    0.00000
 [9,] 0.40    2    5 0.4000000   830  166.00000
[10,] 0.45    0    5 0.0000000 -4000 -800.00000
[11,] 0.50    3    9 0.3333333  -770  -85.55556
[12,] 0.55    2    5 0.4000000  2110  422.00000
[13,] 0.60    2    8 0.2500000 -1060 -132.50000
[14,] 0.65    3   12 0.2500000 -2770 -230.83333
[15,] 0.70    4    8 0.5000000  3830  478.75000
[16,] 0.75    5   10 0.5000000  2040  204.00000
[17,] 0.80    0    0 0.0000000     0    0.00000
[18,] 0.85    0    5 0.0000000 -4000 -800.00000
[19,] 0.90    6    9 0.6666667  7220  802.22222
[20,] 0.95    2    5 0.4000000  2140  428.00000
[21,] 1.00    4   13 0.3076923   130   10.00000
[22,] 1.10    2    5 0.4000000   -30   -6.00000
[23,] 1.20    4    9 0.4444444   520   57.77778
[24,] 1.30    1    3 0.3333333  -220  -73.33333
[25,] 1.40    1    4 0.2500000   950  237.50000
[26,] 1.50    1    2 0.5000000   -20  -10.00000
[27,] 1.60    1    3 0.3333333   -40  -13.33333
[28,] 1.70    2    6 0.3333333   270   45.00000
[29,] 1.80    0    4 0.0000000 -3200 -800.00000
[30,] 1.90    0    0 0.0000000     0    0.00000
[31,] 2.00    2    4 0.5000000  2430  607.50000
[32,] 2.25    0    1 0.0000000  -800 -800.00000
[33,] 2.50    2    2 1.0000000  2790 1395.00000
[34,] 2.75    0    0 0.0000000     0    0.00000
[35,] 3.00    0    1 0.0000000  -800 -800.00000
[36,] 3.25    0    1 0.0000000  -800 -800.00000
[37,] 3.50    0    0 0.0000000     0    0.00000
[38,] 3.75    0    0 0.0000000     0    0.00000
[39,] 4.00    0    0 0.0000000     0    0.00000
[40,] 4.25    0    1 0.0000000  -800 -800.00000
[1] "<-----------8"
      [,1] [,2] [,3]      [,4]  [,5]       [,6]
 [1,] 0.00   46  122 0.3770492 16130  132.21311
 [2,] 0.05    0    0 0.0000000     0    0.00000
 [3,] 0.10    0    0 0.0000000     0    0.00000
 [4,] 0.15    0    1 0.0000000  -800 -800.00000
 [5,] 0.20    0    0 0.0000000     0    0.00000
 [6,] 0.25    1    1 1.0000000  1500 1500.00000
 [7,] 0.30    2    3 0.6666667  1920  640.00000
 [8,] 0.35    0    3 0.0000000 -2400 -800.00000
 [9,] 0.40    0    1 0.0000000  -800 -800.00000
[10,] 0.45    2    3 0.6666667  2480  826.66667
[11,] 0.50    0    3 0.0000000 -2400 -800.00000
[12,] 0.55    4    7 0.5714286  4670  667.14286
[13,] 0.60    0    3 0.0000000 -2400 -800.00000
[14,] 0.65    1    7 0.1428571 -2320 -331.42857
[15,] 0.70    3    6 0.5000000  2250  375.00000
[16,] 0.75    4    6 0.6666667  2660  443.33333
[17,] 0.80    0    5 0.0000000 -4000 -800.00000
[18,] 0.85    3    6 0.5000000  1350  225.00000
[19,] 0.90    3    7 0.4285714    80   11.42857
[20,] 0.95    2    5 0.4000000   330   66.00000
[21,] 1.00    2    9 0.2222222 -3370 -374.44444
[22,] 1.10    3    9 0.3333333  -410  -45.55556
[23,] 1.20    4    6 0.6666667  5970  995.00000
[24,] 1.30    2    7 0.2857143   390   55.71429
[25,] 1.40    3    5 0.6000000  4080  816.00000
[26,] 1.50    0    4 0.0000000 -3200 -800.00000
[27,] 1.60    2    3 0.6666667  2910  970.00000
[28,] 1.70    0    4 0.0000000 -3200 -800.00000
[29,] 1.80    0    1 0.0000000  -800 -800.00000
[30,] 1.90    0    3 0.0000000 -2400 -800.00000
[31,] 2.00    1    4 0.2500000  -270  -67.50000
[32,] 2.25    0    2 0.0000000 -1600 -800.00000
[33,] 2.50    0    0 0.0000000     0    0.00000
[34,] 2.75    2    4 0.5000000  2110  527.50000
[35,] 3.00    0    1 0.0000000  -800 -800.00000
[36,] 3.25    1    1 1.0000000  2690 2690.00000
[37,] 3.50    0    1 0.0000000  -800 -800.00000
[38,] 3.75    0    1 0.0000000  -800 -800.00000
[39,] 4.00    0    0 0.0000000     0    0.00000
[40,] 4.25    0    0 0.0000000     0    0.00000
[1] "<-----------9"
      [,1] [,2] [,3]      [,4]  [,5]      [,6]
 [1,] 0.00   46  124 0.3709677 15740  126.9355
 [2,] 0.05    0    1 0.0000000  -800 -800.0000
 [3,] 0.10    0    0 0.0000000     0    0.0000
 [4,] 0.15    0    0 0.0000000     0    0.0000
 [5,] 0.20    0    1 0.0000000  -800 -800.0000
 [6,] 0.25    0    0 0.0000000     0    0.0000
 [7,] 0.30    0    1 0.0000000  -800 -800.0000
 [8,] 0.35    0    1 0.0000000  -800 -800.0000
 [9,] 0.40    1    1 1.0000000  1960 1960.0000
[10,] 0.45    2    5 0.4000000  -370  -74.0000
[11,] 0.50    0    1 0.0000000  -800 -800.0000
[12,] 0.55    1    5 0.2000000 -2240 -448.0000
[13,] 0.60    1    4 0.2500000  -410 -102.5000
[14,] 0.65    3    6 0.5000000  3240  540.0000
[15,] 0.70    1    5 0.2000000 -1770 -354.0000
[16,] 0.75    3    6 0.5000000   780  130.0000
[17,] 0.80    1    9 0.1111111 -4510 -501.1111
[18,] 0.85    1    8 0.1250000 -4630 -578.7500
[19,] 0.90    1    2 0.5000000  1210  605.0000
[20,] 0.95    3    5 0.6000000  3020  604.0000
[21,] 1.00    4    8 0.5000000  4410  551.2500
[22,] 1.10    4    6 0.6666667  3500  583.3333
[23,] 1.20    0    3 0.0000000 -2400 -800.0000
[24,] 1.30    2    7 0.2857143 -1710 -244.2857
[25,] 1.40    2    3 0.6666667  1930  643.3333
[26,] 1.50    4    7 0.5714286  4740  677.1429
[27,] 1.60    3    6 0.5000000  3270  545.0000
[28,] 1.70    0    3 0.0000000 -2400 -800.0000
[29,] 1.80    2    3 0.6666667  2890  963.3333
[30,] 1.90    0    3 0.0000000 -2400 -800.0000
[31,] 2.00    2    8 0.2500000 -2030 -253.7500
[32,] 2.25    1    3 0.3333333   410  136.6667
[33,] 2.50    0    2 0.0000000 -1600 -800.0000
[34,] 2.75    1    3 0.3333333  -330 -110.0000
[35,] 3.00    1    2 0.5000000  1330  665.0000
[36,] 3.25    1    3 0.3333333   320  106.6667
[37,] 3.50    0    0 0.0000000     0    0.0000
[38,] 3.75    0    0 0.0000000     0    0.0000
[39,] 4.00    0    0 0.0000000     0    0.0000
[40,] 4.25    0    0 0.0000000     0    0.0000
[1] "<-----------10"
      [,1] [,2] [,3]      [,4]  [,5]       [,6]
 [1,] 0.00   51  143 0.3566434 11240   78.60140
 [2,] 0.05    0    0 0.0000000     0    0.00000
 [3,] 0.10    0    0 0.0000000     0    0.00000
 [4,] 0.15    0    0 0.0000000     0    0.00000
 [5,] 0.20    0    1 0.0000000  -800 -800.00000
 [6,] 0.25    1    2 0.5000000  1270  635.00000
 [7,] 0.30    0    0 0.0000000     0    0.00000
 [8,] 0.35    1    2 0.5000000  1180  590.00000
 [9,] 0.40    0    1 0.0000000  -800 -800.00000
[10,] 0.45    0    4 0.0000000 -3200 -800.00000
[11,] 0.50    1    3 0.3333333  -330 -110.00000
[12,] 0.55    1    3 0.3333333   910  303.33333
[13,] 0.60    1    4 0.2500000   860  215.00000
[14,] 0.65    0    5 0.0000000 -4000 -800.00000
[15,] 0.70    1    2 0.5000000  1020  510.00000
[16,] 0.75    2    4 0.5000000  1290  322.50000
[17,] 0.80    0    2 0.0000000 -1600 -800.00000
[18,] 0.85    1    8 0.1250000 -3580 -447.50000
[19,] 0.90    0    1 0.0000000  -800 -800.00000
[20,] 0.95    1    3 0.3333333  -320 -106.66667
[21,] 1.00    4    9 0.4444444  1880  208.88889
[22,] 1.10    4    9 0.4444444   850   94.44444
[23,] 1.20    4    8 0.5000000  2570  321.25000
[24,] 1.30    5    8 0.6250000  6120  765.00000
[25,] 1.40    4    7 0.5714286  2400  342.85714
[26,] 1.50    2    4 0.5000000  1650  412.50000
[27,] 1.60    1    2 0.5000000   340  170.00000
[28,] 1.70    1    4 0.2500000  -760 -190.00000
[29,] 1.80    0    1 0.0000000  -800 -800.00000
[30,] 1.90    0    2 0.0000000 -1600 -800.00000
[31,] 2.00    2    7 0.2857143  -480  -68.57143
[32,] 2.25    3    4 0.7500000  4770 1192.50000
[33,] 2.50    0    1 0.0000000  -800 -800.00000
[34,] 2.75    0    1 0.0000000  -800 -800.00000
[35,] 3.00    0    0 0.0000000     0    0.00000
[36,] 3.25    1    1 1.0000000  2690 2690.00000
[37,] 3.50    0    0 0.0000000     0    0.00000
[38,] 3.75    0    0 0.0000000     0    0.00000
[39,] 4.00    0    0 0.0000000     0    0.00000
[40,] 4.25    0    0 0.0000000     0    0.00000
[1] "<-----------11"
      [,1] [,2] [,3]      [,4]  [,5]        [,6]
 [1,] 0.00   62  182 0.3406593  6150   33.791209
 [2,] 0.05    0    0 0.0000000     0    0.000000
 [3,] 0.10    0    0 0.0000000     0    0.000000
 [4,] 0.15    0    0 0.0000000     0    0.000000
 [5,] 0.20    0    1 0.0000000  -800 -800.000000
 [6,] 0.25    0    0 0.0000000     0    0.000000
 [7,] 0.30    0    0 0.0000000     0    0.000000
 [8,] 0.35    2    2 1.0000000  3410 1705.000000
 [9,] 0.40    0    1 0.0000000  -800 -800.000000
[10,] 0.45    0    0 0.0000000     0    0.000000
[11,] 0.50    0    2 0.0000000 -1600 -800.000000
[12,] 0.55    2    3 0.6666667  2770  923.333333
[13,] 0.60    1    2 0.5000000   240  120.000000
[14,] 0.65    0    2 0.0000000 -1600 -800.000000
[15,] 0.70    1    2 0.5000000   450  225.000000
[16,] 0.75    0    1 0.0000000  -800 -800.000000
[17,] 0.80    1    3 0.3333333   -80  -26.666667
[18,] 0.85    2    4 0.5000000   700  175.000000
[19,] 0.90    2    3 0.6666667  2010  670.000000
[20,] 0.95    2    4 0.5000000   500  125.000000
[21,] 1.00    2    6 0.3333333  1140  190.000000
[22,] 1.10    4    6 0.6666667  5670  945.000000
[23,] 1.20    1    5 0.2000000  -510 -102.000000
[24,] 1.30    2    7 0.2857143  -480  -68.571429
[25,] 1.40    1    3 0.3333333   -20   -6.666667
[26,] 1.50    1    4 0.2500000 -1430 -357.500000
[27,] 1.60    0    1 0.0000000  -800 -800.000000
[28,] 1.70    4    4 1.0000000  8080 2020.000000
[29,] 1.80    0    2 0.0000000 -1600 -800.000000
[30,] 1.90    0    0 0.0000000     0    0.000000
[31,] 2.00    1    2 0.5000000  1210  605.000000
[32,] 2.25    0    2 0.0000000 -1600 -800.000000
[33,] 2.50    0    0 0.0000000     0    0.000000
[34,] 2.75    0    1 0.0000000  -800 -800.000000
[35,] 3.00    0    0 0.0000000     0    0.000000
[36,] 3.25    0    0 0.0000000     0    0.000000
[37,] 3.50    0    0 0.0000000     0    0.000000
[38,] 3.75    0    0 0.0000000     0    0.000000
[39,] 4.00    0    0 0.0000000     0    0.000000
[40,] 4.25    0    0 0.0000000     0    0.000000
[1] "<-----------12"
      [,1] [,2] [,3]      [,4]  [,5]       [,6]
 [1,] 0.00   78  219 0.3561644 15780   72.05479
 [2,] 0.05    0    0 0.0000000     0    0.00000
 [3,] 0.10    0    0 0.0000000     0    0.00000
 [4,] 0.15    0    1 0.0000000  -800 -800.00000
 [5,] 0.20    0    0 0.0000000     0    0.00000
 [6,] 0.25    0    0 0.0000000     0    0.00000
 [7,] 0.30    0    0 0.0000000     0    0.00000
 [8,] 0.35    1    1 1.0000000   960  960.00000
 [9,] 0.40    0    0 0.0000000     0    0.00000
[10,] 0.45    1    2 0.5000000   340  170.00000
[11,] 0.50    0    1 0.0000000  -800 -800.00000
[12,] 0.55    2    4 0.5000000   830  207.50000
[13,] 0.60    1    3 0.3333333   410  136.66667
[14,] 0.65    0    1 0.0000000  -800 -800.00000
[15,] 0.70    0    0 0.0000000     0    0.00000
[16,] 0.75    0    3 0.0000000 -2400 -800.00000
[17,] 0.80    1    1 1.0000000  1430 1430.00000
[18,] 0.85    0    1 0.0000000  -800 -800.00000
[19,] 0.90    0    2 0.0000000 -1600 -800.00000
[20,] 0.95    1    2 0.5000000   300  150.00000
[21,] 1.00    2    4 0.5000000  2400  600.00000
[22,] 1.10    2    5 0.4000000  1290  258.00000
[23,] 1.20    1    1 1.0000000   960  960.00000
[24,] 1.30    0    2 0.0000000 -1600 -800.00000
[25,] 1.40    1    1 1.0000000  2010 2010.00000
[26,] 1.50    0    1 0.0000000  -800 -800.00000
[27,] 1.60    0    0 0.0000000     0    0.00000
[28,] 1.70    0    0 0.0000000     0    0.00000
[29,] 1.80    1    1 1.0000000  3260 3260.00000
[30,] 1.90    0    0 0.0000000     0    0.00000
[31,] 2.00    0    0 0.0000000     0    0.00000
[32,] 2.25    0    0 0.0000000     0    0.00000
[33,] 2.50    0    0 0.0000000     0    0.00000
[34,] 2.75    0    0 0.0000000     0    0.00000
[35,] 3.00    0    0 0.0000000     0    0.00000
[36,] 3.25    0    0 0.0000000     0    0.00000
[37,] 3.50    0    0 0.0000000     0    0.00000
[38,] 3.75    0    0 0.0000000     0    0.00000
[39,] 4.00    0    0 0.0000000     0    0.00000
[40,] 4.25    0    0 0.0000000     0    0.00000
[1] "<-----------13"
      [,1] [,2] [,3]      [,4]  [,5]       [,6]
 [1,] 0.00   89  253 0.3517787 14450   57.11462
 [2,] 0.05    0    0 0.0000000     0    0.00000
 [3,] 0.10    0    0 0.0000000     0    0.00000
 [4,] 0.15    0    0 0.0000000     0    0.00000
 [5,] 0.20    0    0 0.0000000     0    0.00000
 [6,] 0.25    0    0 0.0000000     0    0.00000
 [7,] 0.30    0    0 0.0000000     0    0.00000
 [8,] 0.35    0    0 0.0000000     0    0.00000
 [9,] 0.40    0    0 0.0000000     0    0.00000
[10,] 0.45    0    0 0.0000000     0    0.00000
[11,] 0.50    0    0 0.0000000     0    0.00000
[12,] 0.55    0    0 0.0000000     0    0.00000
[13,] 0.60    0    0 0.0000000     0    0.00000
[14,] 0.65    0    0 0.0000000     0    0.00000
[15,] 0.70    0    0 0.0000000     0    0.00000
[16,] 0.75    1    1 1.0000000  1560 1560.00000
[17,] 0.80    1    1 1.0000000  3260 3260.00000
[18,] 0.85    0    0 0.0000000     0    0.00000
[19,] 0.90    0    0 0.0000000     0    0.00000
[20,] 0.95    0    0 0.0000000     0    0.00000
[21,] 1.00    0    0 0.0000000     0    0.00000
[22,] 1.10    1    1 1.0000000  1100 1100.00000
[23,] 1.20    0    0 0.0000000     0    0.00000
[24,] 1.30    0    0 0.0000000     0    0.00000
[25,] 1.40    0    0 0.0000000     0    0.00000
[26,] 1.50    0    0 0.0000000     0    0.00000
[27,] 1.60    0    0 0.0000000     0    0.00000
[28,] 1.70    0    0 0.0000000     0    0.00000
[29,] 1.80    0    0 0.0000000     0    0.00000
[30,] 1.90    0    0 0.0000000     0    0.00000
[31,] 2.00    0    0 0.0000000     0    0.00000
[32,] 2.25    0    0 0.0000000     0    0.00000
[33,] 2.50    0    0 0.0000000     0    0.00000
[34,] 2.75    0    0 0.0000000     0    0.00000
[35,] 3.00    0    0 0.0000000     0    0.00000
[36,] 3.25    0    0 0.0000000     0    0.00000
[37,] 3.50    0    0 0.0000000     0    0.00000
[38,] 3.75    0    0 0.0000000     0    0.00000
[39,] 4.00    0    0 0.0000000     0    0.00000
[40,] 4.25    0    0 0.0000000     0    0.00000
[1] "<-----------14"
      [,1] [,2] [,3]      [,4]  [,5]       [,6]
 [1,] 0.00   91  255 0.3568627 19270   75.56863
 [2,] 0.05    0    0 0.0000000     0    0.00000
 [3,] 0.10    0    0 0.0000000     0    0.00000
 [4,] 0.15    0    0 0.0000000     0    0.00000
 [5,] 0.20    0    0 0.0000000     0    0.00000
 [6,] 0.25    0    0 0.0000000     0    0.00000
 [7,] 0.30    0    0 0.0000000     0    0.00000
 [8,] 0.35    0    0 0.0000000     0    0.00000
 [9,] 0.40    0    0 0.0000000     0    0.00000
[10,] 0.45    0    0 0.0000000     0    0.00000
[11,] 0.50    0    0 0.0000000     0    0.00000
[12,] 0.55    0    0 0.0000000     0    0.00000
[13,] 0.60    0    0 0.0000000     0    0.00000
[14,] 0.65    0    0 0.0000000     0    0.00000
[15,] 0.70    0    0 0.0000000     0    0.00000
[16,] 0.75    0    0 0.0000000     0    0.00000
[17,] 0.80    0    0 0.0000000     0    0.00000
[18,] 0.85    0    0 0.0000000     0    0.00000
[19,] 0.90    0    0 0.0000000     0    0.00000
[20,] 0.95    0    0 0.0000000     0    0.00000
[21,] 1.00    0    0 0.0000000     0    0.00000
[22,] 1.10    0    0 0.0000000     0    0.00000
[23,] 1.20    0    0 0.0000000     0    0.00000
[24,] 1.30    1    1 1.0000000  1100 1100.00000
[25,] 1.40    0    0 0.0000000     0    0.00000
[26,] 1.50    0    0 0.0000000     0    0.00000
[27,] 1.60    0    0 0.0000000     0    0.00000
[28,] 1.70    0    0 0.0000000     0    0.00000
[29,] 1.80    0    0 0.0000000     0    0.00000
[30,] 1.90    0    0 0.0000000     0    0.00000
[31,] 2.00    0    0 0.0000000     0    0.00000
[32,] 2.25    0    0 0.0000000     0    0.00000
[33,] 2.50    0    0 0.0000000     0    0.00000
[34,] 2.75    0    0 0.0000000     0    0.00000
[35,] 3.00    0    0 0.0000000     0    0.00000
[36,] 3.25    0    0 0.0000000     0    0.00000
[37,] 3.50    0    0 0.0000000     0    0.00000
[38,] 3.75    0    0 0.0000000     0    0.00000
[39,] 4.00    0    0 0.0000000     0    0.00000
[40,] 4.25    0    0 0.0000000     0    0.00000
[1] "<-----------15"
      [,1] [,2] [,3]     [,4]  [,5]     [,6]
 [1,] 0.00   92  256 0.359375 20370 79.57031
 [2,] 0.05    0    0 0.000000     0  0.00000
 [3,] 0.10    0    0 0.000000     0  0.00000
 [4,] 0.15    0    0 0.000000     0  0.00000
 [5,] 0.20    0    0 0.000000     0  0.00000
 [6,] 0.25    0    0 0.000000     0  0.00000
 [7,] 0.30    0    0 0.000000     0  0.00000
 [8,] 0.35    0    0 0.000000     0  0.00000
 [9,] 0.40    0    0 0.000000     0  0.00000
[10,] 0.45    0    0 0.000000     0  0.00000
[11,] 0.50    0    0 0.000000     0  0.00000
[12,] 0.55    0    0 0.000000     0  0.00000
[13,] 0.60    0    0 0.000000     0  0.00000
[14,] 0.65    0    0 0.000000     0  0.00000
[15,] 0.70    0    0 0.000000     0  0.00000
[16,] 0.75    0    0 0.000000     0  0.00000
[17,] 0.80    0    0 0.000000     0  0.00000
[18,] 0.85    0    0 0.000000     0  0.00000
[19,] 0.90    0    0 0.000000     0  0.00000
[20,] 0.95    0    0 0.000000     0  0.00000
[21,] 1.00    0    0 0.000000     0  0.00000
[22,] 1.10    0    0 0.000000     0  0.00000
[23,] 1.20    0    0 0.000000     0  0.00000
[24,] 1.30    0    0 0.000000     0  0.00000
[25,] 1.40    0    0 0.000000     0  0.00000
[26,] 1.50    0    0 0.000000     0  0.00000
[27,] 1.60    0    0 0.000000     0  0.00000
[28,] 1.70    0    0 0.000000     0  0.00000
[29,] 1.80    0    0 0.000000     0  0.00000
[30,] 1.90    0    0 0.000000     0  0.00000
[31,] 2.00    0    0 0.000000     0  0.00000
[32,] 2.25    0    0 0.000000     0  0.00000
[33,] 2.50    0    0 0.000000     0  0.00000
[34,] 2.75    0    0 0.000000     0  0.00000
[35,] 3.00    0    0 0.000000     0  0.00000
[36,] 3.25    0    0 0.000000     0  0.00000
[37,] 3.50    0    0 0.000000     0  0.00000
[38,] 3.75    0    0 0.000000     0  0.00000
[39,] 4.00    0    0 0.000000     0  0.00000
[40,] 4.25    0    0 0.000000     0  0.00000
[1] "<-----------16"
      [,1] [,2] [,3]     [,4]  [,5]     [,6]
 [1,] 0.00   92  256 0.359375 20370 79.57031
 [2,] 0.05    0    0 0.000000     0  0.00000
 [3,] 0.10    0    0 0.000000     0  0.00000
 [4,] 0.15    0    0 0.000000     0  0.00000
 [5,] 0.20    0    0 0.000000     0  0.00000
 [6,] 0.25    0    0 0.000000     0  0.00000
 [7,] 0.30    0    0 0.000000     0  0.00000
 [8,] 0.35    0    0 0.000000     0  0.00000
 [9,] 0.40    0    0 0.000000     0  0.00000
[10,] 0.45    0    0 0.000000     0  0.00000
[11,] 0.50    0    0 0.000000     0  0.00000
[12,] 0.55    0    0 0.000000     0  0.00000
[13,] 0.60    0    0 0.000000     0  0.00000
[14,] 0.65    0    0 0.000000     0  0.00000
[15,] 0.70    0    0 0.000000     0  0.00000
[16,] 0.75    0    0 0.000000     0  0.00000
[17,] 0.80    0    0 0.000000     0  0.00000
[18,] 0.85    0    0 0.000000     0  0.00000
[19,] 0.90    0    0 0.000000     0  0.00000
[20,] 0.95    0    0 0.000000     0  0.00000
[21,] 1.00    0    0 0.000000     0  0.00000
[22,] 1.10    0    0 0.000000     0  0.00000
[23,] 1.20    0    0 0.000000     0  0.00000
[24,] 1.30    0    0 0.000000     0  0.00000
[25,] 1.40    0    0 0.000000     0  0.00000
[26,] 1.50    0    0 0.000000     0  0.00000
[27,] 1.60    0    0 0.000000     0  0.00000
[28,] 1.70    0    0 0.000000     0  0.00000
[29,] 1.80    0    0 0.000000     0  0.00000
[30,] 1.90    0    0 0.000000     0  0.00000
[31,] 2.00    0    0 0.000000     0  0.00000
[32,] 2.25    0    0 0.000000     0  0.00000
[33,] 2.50    0    0 0.000000     0  0.00000
[34,] 2.75    0    0 0.000000     0  0.00000
[35,] 3.00    0    0 0.000000     0  0.00000
[36,] 3.25    0    0 0.000000     0  0.00000
[37,] 3.50    0    0 0.000000     0  0.00000
[38,] 3.75    0    0 0.000000     0  0.00000
[39,] 4.00    0    0 0.000000     0  0.00000
[40,] 4.25    0    0 0.000000     0  0.00000
[1] "<-----------17"
      [,1] [,2] [,3]      [,4]  [,5]       [,6]
 [1,]    0    3    4 0.7500000  5050 1262.50000
 [2,]    1    0    0 0.0000000     0    0.00000
 [3,]    2    7   18 0.3888889  3970  220.55556
 [4,]    3    5   12 0.4166667  2950  245.83333
 [5,]    4   16   47 0.3404255  4660   99.14894
 [6,]    5    8   33 0.2424242 -7970 -241.51515
 [7,]    6   13   52 0.2500000 -9930 -190.96154
 [8,]    7   17   32 0.5312500 13690  427.81250
 [9,]    8    9   28 0.3214286 -1370  -48.92857
[10,]    9    7   19 0.3684211  2090  110.00000
[11,]   10    5    6 0.8333333  5790  965.00000
[12,]   11    0    2 0.0000000 -1600 -800.00000
[13,]   12    1    1 1.0000000  2420 2420.00000
[14,]   13    0    0 0.0000000     0    0.00000
[15,]   14    0    0 0.0000000     0    0.00000
[16,]   15    0    0 0.0000000     0    0.00000
[17,]   16    0    0 0.0000000     0    0.00000
[18,]   17    0    0 0.0000000     0    0.00000
[19,]   18    0    0 0.0000000     0    0.00000
[20,]   19    0    0 0.0000000     0    0.00000
[21,]   20    0    0 0.0000000     0    0.00000
[22,]   21    0    0 0.0000000     0    0.00000
[23,]   22    0    0 0.0000000     0    0.00000
[24,]   23    0    0 0.0000000     0    0.00000
[25,]   24    0    0 0.0000000     0    0.00000
[26,]   25    0    0 0.0000000     0    0.00000
[27,]   26    0    0 0.0000000     0    0.00000
[28,]   27    0    0 0.0000000     0    0.00000
[29,]   28    0    0 0.0000000     0    0.00000
[30,]   29    0    0 0.0000000     0    0.00000
[31,]   30    0    0 0.0000000     0    0.00000
[32,]   31    0    0 0.0000000     0    0.00000
[33,]   32    0    0 0.0000000     0    0.00000
[34,]   33    0    0 0.0000000     0    0.00000
[35,]   34    0    0 0.0000000     0    0.00000
[36,]   35    0    0 0.0000000     0    0.00000
[37,]   36    0    0 0.0000000     0    0.00000
[38,]   37    0    0 0.0000000     0    0.00000
[39,]   38    0    0 0.0000000     0    0.00000
[40,]   39    0    0 0.0000000     0    0.00000
