[1] "R出力\\20170623_Tansho2_4_自動生成.txt"
[1] "通常"
[1] 282 250 261 244
[1] 0.7808737 0.7807246 0.7779038 0.7777897
[1] 0.8508584 0.8788687 0.8992819 0.8776986
[1] "指数"
[1] 261 271 259 281
[1] 0.7709618 0.7779038 0.7735421 0.7674667
[1] 0.9050439 0.8992819 0.8867320 0.8808055
[1] "選択↓"
[1] 271
   ユーザ   システム       経過  
    100.86       1.39     102.61 
[1] "通常"
[1] 335 307 174 362
[1] 0.8109287 0.8079059 0.8060269 0.8042441
[1] 0.9372460 0.9209276 0.9176695 0.8772775
[1] "指数"
[1] 437 330 335 327
[1] 0.7959008 0.7852237 0.7863444 0.8109287
[1] 0.9465672 0.9385772 0.9381098 0.9372460
[1] "選択↓"
[1] 327
   ユーザ   システム       経過  
    187.92       1.43     189.92 
[1] "通常"
[1] 196 436 362 203
[1] 0.8305970 0.8225806 0.8216254 0.8193400
[1] 0.9583836 0.9148148 0.9194960 0.8961187
[1] "指数"
[1] 437  19 380 119
[1] 0.8163472 0.8305970 0.8187332 0.8070633
[1] 0.9661622 0.9583836 0.9576271 0.9494919
[1] "選択↓"
[1] 19
   ユーザ   システム       経過  
    274.92       1.50     277.20 
[1] "通常"
[1] 196 221 437 203
[1] 0.8479844 0.8392701 0.8359454 0.8358114
[1] 0.9886220 0.9403315 0.9929293 0.9218377
[1] "指数"
[1] 437 119 380 379
[1] 0.8359454 0.8479844 0.8349480 0.8223902
[1] 0.9929293 0.9886220 0.9869976 0.9760549
[1] "選択↓"
[1] 119
   ユーザ   システム       経過  
    362.45       1.54     365.05 
[1] "通常"
[1] 196 221 195 437
[1] 0.8553336 0.8496187 0.8479844 0.8437959
[1] 1.0090186 0.9574499 0.9886220 1.0146886
[1] "指数"
[1] 437 196 380 381
[1] 0.8437959 0.8405961 0.8553336 0.8292296
[1] 1.014689 1.009677 1.009019 1.002328
[1] "選択↓"
[1] 380
   ユーザ   システム       経過  
    450.73       1.68     453.70 
[1] "通常"
[1] 196 221 437 437
[1] 0.8711959 0.8675420 0.8576971 0.8553336
[1] 1.0345628 0.9893871 1.0393720 1.0090186
[1] "指数"
[1] 437 196 272 314
[1] 0.8576971 0.8528424 0.8711959 0.8367660
[1] 1.039372 1.036189 1.034563 1.025714
[1] "選択↓"
[1] 272
   ユーザ   システム       経過  
    541.00       1.96     544.53 
[1] "通常"
[1] 196 221 196 221
[1] 0.8711959 0.8675420 0.8652508 0.8602293
[1] 1.0345628 0.9893871 1.0090076 1.0154110
[1] "指数"
[1] 437 372 446 250
[1] 0.8594778 0.8461154 0.8491979 0.8547532
[1] 1.069645 1.051664 1.046471 1.046414
[1] "選択↓"
[1] 437
   ユーザ   システム       経過  
    629.59       2.16     633.83 
[1] "通常"
[1] 196 436 372 371
[1] 0.8934905 0.8863772 0.8800527 0.8787159
[1] 1.077355 1.072483 1.071375 1.091124
[1] "指数"
[1] 329  33 372 371
[1] 0.8600397 0.8642358 0.8787159 0.8565524
[1] 1.096076 1.092899 1.091124 1.090574
[1] "選択↓"
[1] 372
   ユーザ   システム       経過  
    717.78       2.21     722.22 
[1] "通常"
[1] 196 362 221 208
[1] 0.9112412 0.8946652 0.8945445 0.8942109
[1] 1.103282 1.050000 1.104192 1.082979
[1] "指数"
[1] 329  33 446 442
[1] 0.8793568 0.8838996 0.8916195 0.8883817
[1] 1.117576 1.115885 1.113354 1.112519
[1] "選択↓"
[1] 446
   ユーザ   システム       経過  
    807.31       2.21     811.95 
[1] "通常"
[1] 196   4 362 410
[1] 0.9263126 0.9112412 0.9084344 0.9072264
[1] 1.129715 1.103282 1.072318 1.129717
[1] "指数"
[1] 329 196 330  53
[1] 0.8926121 0.8959108 0.8907725 0.9003688
[1] 1.141058 1.139286 1.135804 1.135759
[1] "選択↓"
[1] 53
   ユーザ   システム       経過  
    899.02       2.22     903.84 
[1] "通常"
[1] 196   4 362 362
[1] 0.9286143 0.9263126 0.9112412 0.9105876
[1] 1.137814 1.129715 1.103282 1.079791
[1] "指数"
[1] 314 329 217 330
[1] 0.8987694 0.8949522 0.9032378 0.8931388
[1] 1.150000 1.150000 1.146406 1.144833
[1] "選択↓"
[1] 217
   ユーザ   システム       経過  
    992.48       2.30     997.58 
[1] "通常"
[1] 196 196  30 362
[1] 0.9286143 0.9279589 0.9263126 0.9206161
[1] 1.137814 1.146029 1.129715 1.096991
[1] "指数"
[1] 329 312 330 171
[1] 0.9048134 0.9139282 0.9031353 0.9127430
[1] 1.166455 1.164603 1.161452 1.160918
[1] "選択↓"
[1] 312
   ユーザ   システム       経過  
   1087.80       2.33    1093.23 
[1] "通常"
[1] 196 196 362  30
[1] 0.9368128 0.9286143 0.9285714 0.9279589
[1] 1.162821 1.137814 1.112747 1.146029
[1] "指数"
[1] 329 330 442 172
[1] 0.9122517 0.9106682 0.9163636 0.9218573
[1] 1.181481 1.176634 1.173920 1.172879
[1] "選択↓"
[1] 172
   ユーザ   システム       経過  
   1184.84       2.38    1190.55 
[1] "通常"
[1] 196  30 362 421
[1] 0.9401863 0.9368128 0.9358676 0.9321408
[1] 1.173567 1.162821 1.120583 1.174486
[1] "指数"
[1] 329 330 438 410
[1] 0.9197317 0.9182594 0.9296615 0.9290466
[1] 1.191340 1.186567 1.184941 1.183604
[1] "選択↓"
[1] 438
   ユーザ   システム       経過  
   1283.62       2.44    1289.61 
[1] "通常"
[1] 196 436 393 221
[1] 0.9495437 0.9491349 0.9485418 0.9481622
[1] 1.188431 1.169974 1.148155 1.177612
[1] "指数"
[1] 329 432 410 442
[1] 0.9280588 0.9388792 0.9266627 0.9318662
[1] 1.209499 1.205336 1.204737 1.203265
[1] "選択↓"
[1] 432
   ユーザ   システム       経過  
   1383.64       2.46    1389.83 
[1] "通常"
[1] 436 393 392 419
[1] 0.9656637 0.9593523 0.9581020 0.9578912
[1] 1.198128 1.170891 1.200000 1.209780
[1] "指数"
[1] 329 330 442 209
[1] 0.9374850 0.9356707 0.9413381 0.9509922
[1] 1.230756 1.226250 1.224301 1.221212
[1] "選択↓"
[1] 209
   ユーザ   システム       経過  
   1485.69       2.52    1492.17 
[1] "通常"
[1] 436 362 393 419
[1] 0.9699556 0.9656637 0.9638114 0.9630759
[1] 1.207817 1.198128 1.175547 1.206883
[1] "指数"
[1] 329  36 442 410
[1] 0.9414311 0.9374850 0.9458583 0.9385321
[1] 1.235097 1.230756 1.230756 1.228444
[1] "選択↓"
[1] 442
   ユーザ   システム       経過  
   1589.86       2.58    1596.58 
[1] "通常"
[1] 436 362 393 436
[1] 0.9699556 0.9665538 0.9656637 0.9655767
[1] 1.207817 1.192137 1.198128 1.224317
[1] "指数"
[1] 329 330 410 250
[1] 0.9428659 0.9399249 0.9579468 0.9497268
[1] 1.255018 1.248545 1.247905 1.246085
[1] "選択↓"
[1] 410
   ユーザ   システム       経過  
   1695.91       2.63    1702.95 
[1] "通常"
[1] 362 393 419 445
[1] 0.9773677 0.9717495 0.9703841 0.9700758
[1] 1.210879 1.237400 1.125735 1.273420
[1] "指数"
[1] 445 330 314 258
[1] 0.9700758 0.9539582 0.9492921 0.9620776
[1] 1.273420 1.271058 1.264595 1.264022
[1] "選択↓"
[1] 445
   ユーザ   システム       経過  
   1804.00       2.63    1811.36 
[1] "通常"
[1] 362 393 307 392
[1] 0.9894026 0.9827083 0.9812344 0.9804958
[1] 1.236752 1.262653 1.242180 1.277842
[1] "指数"
[1] 329 330 314 179
[1] 0.9663001 0.9617357 0.9744409 0.9621881
[1] 1.297538 1.291346 1.290207 1.287782
[1] "選択↓"
[1] 314
   ユーザ   システム       経過  
   1914.55       2.66    1922.13 
     [,1] [,2] [,3] [,4] [,5] [,6] [,7] [,8] [,9] [,10] [,11] [,12] [,13]
[1,]  271  327   19  119  380  272  437  372  446    53   217   312   172
     [,14] [,15] [,16] [,17] [,18] [,19] [,20]
[1,]   438   432   209   442   410   445   314
[1] "UmahukuMat[\"馬複人気順10番\"] < 36.00  & UmahukuMat[\"馬複人気順1番\"]/UmahukuMat[\"馬複人気順2番\"] > 0.37  & UmahukuMat[\"三連複人気順13番\"] > 27.99  & UmahukuMat[\"単勝人気順11番\"] < 210.00  & UmahukuMat[\"馬複人気順17番\"]/UmahukuMat[\"馬複人気順18番\"] > 0.69  & UmahukuMat[\"馬複人気順10番\"] < 32.00  & UmahukuMat[\"単勝人気順6番\"]/UmahukuMat[\"単勝人気順7番\"] < 0.96  & UmahukuMat[\"馬複人気順14番\"]/UmahukuMat[\"馬複人気順15番\"] > 0.71  & UmahukuMat[\"馬複人気順5番\"]/UmahukuMat[\"馬複人気順6番\"] < 1.00  & UmahukuMat[\"馬複人気順27番\"] < 720.00  & UmahukuMat[\"単勝人気順2番\"] < 9.00  & UmahukuMat[\"馬複人気順1番\"] < 10.40  & UmahukuMat[\"単勝人気順8番\"] < 170.00  & UmahukuMat[\"単勝人気順5番\"]/UmahukuMat[\"単勝人気順6番\"] < 0.98  & UmahukuMat[\"三連複人気順10番\"]/UmahukuMat[\"三連複人気順11番\"] < 1.00  & UmahukuMat[\"単勝人気順3番\"] < 14.00  & UmahukuMat[\"馬複人気順19番\"]/UmahukuMat[\"馬複人気順20番\"] < 1.00  & UmahukuMat[\"単勝人気順4番\"]/UmahukuMat[\"単勝人気順5番\"] > 0.37  & UmahukuMat[\"馬複人気順14番\"]/UmahukuMat[\"馬複人気順15番\"] < 1.00  & UmahukuMat[\"馬複人気順1番\"] < 9.60  & "
[1] 152070
[1] 156400
[1] 0.9723146
[1] 264
[1] 1564
[1] 0.168798
[1] 68510
[1] 53300
[1] 1.285366
[1] -100    0 -180    0    0    0    0
[1] -280
[1] 152070
[1] 156400
[1] 0.9723146
[1] 264
[1] 1564
[1] 0.168798
[1] 68510
[1] 53300
[1] 1.285366
