[1] "R出力\\20170422_TanshoIkajo4_10_.txt"
[1] "<-----------配列4番目10以下"
      [,1] [,2] [,3]      [,4]    [,5]       [,6]
 [1,]    0   13   38 0.3421053    2370   62.36842
 [2,]    1   43  208 0.2067308  -33350 -160.33654
 [3,]    2  106  499 0.2124248  -19530  -39.13828
 [4,]    3  171 1269 0.1347518 -277330 -218.54216
 [5,]    4   92  656 0.1402439 -124120 -189.20732
 [6,]    5   16  168 0.0952381  -42570 -253.39286
 [7,]    6    5   39 0.1282051     790   20.25641
 [8,]    7    0    0 0.0000000       0    0.00000
 [9,]    8    0    0 0.0000000       0    0.00000
[10,]    9    0    0 0.0000000       0    0.00000
[11,]   10    0    0 0.0000000       0    0.00000
[12,]   11    0    0 0.0000000       0    0.00000
[13,]   12    0    0 0.0000000       0    0.00000
[14,]   13    0    0 0.0000000       0    0.00000
[15,]   14    0    0 0.0000000       0    0.00000
[16,]   15    0    0 0.0000000       0    0.00000
[17,]   16    0    0 0.0000000       0    0.00000
[18,]   17    0    0 0.0000000       0    0.00000
[19,]   18    0    0 0.0000000       0    0.00000
[20,]   19    0    0 0.0000000       0    0.00000
[21,]   20    0    0 0.0000000       0    0.00000
[22,]   21    0    0 0.0000000       0    0.00000
[23,]   22    0    0 0.0000000       0    0.00000
[24,]   23    0    0 0.0000000       0    0.00000
[25,]   24    0    0 0.0000000       0    0.00000
[26,]   25    0    0 0.0000000       0    0.00000
[27,]   26    0    0 0.0000000       0    0.00000
[28,]   27    0    0 0.0000000       0    0.00000
[29,]   28    0    0 0.0000000       0    0.00000
[30,]   29    0    0 0.0000000       0    0.00000
[31,]   30    0    0 0.0000000       0    0.00000
[1] -493740
[1] "<-----------配列5番目10以上20以下"
      [,1] [,2] [,3]       [,4]    [,5]       [,6]
 [1,]    0    3   60 0.05000000  -20480 -341.33333
 [2,]    1   16  209 0.07655502  -51230 -245.11962
 [3,]    2   35  467 0.07494647 -146790 -314.32548
 [4,]    3   77  595 0.12941176 -136870 -230.03361
 [5,]    4  108  609 0.17733990  -52950  -86.94581
 [6,]    5   93  487 0.19096509  -58570 -120.26694
 [7,]    6   56  252 0.22222222   -3200  -12.69841
 [8,]    7   31  103 0.30097087  -12190 -118.34951
 [9,]    8   14   63 0.22222222  -15950 -253.17460
[10,]    9    8   19 0.42105263    4910  258.42105
[11,]   10    2    9 0.22222222   -2740 -304.44444
[12,]   11    3    4 0.75000000    2320  580.00000
[13,]   12    0    0 0.00000000       0    0.00000
[14,]   13    0    0 0.00000000       0    0.00000
[15,]   14    0    0 0.00000000       0    0.00000
[16,]   15    0    0 0.00000000       0    0.00000
[17,]   16    0    0 0.00000000       0    0.00000
[18,]   17    0    0 0.00000000       0    0.00000
[19,]   18    0    0 0.00000000       0    0.00000
[20,]   19    0    0 0.00000000       0    0.00000
[21,]   20    0    0 0.00000000       0    0.00000
[22,]   21    0    0 0.00000000       0    0.00000
[23,]   22    0    0 0.00000000       0    0.00000
[24,]   23    0    0 0.00000000       0    0.00000
[25,]   24    0    0 0.00000000       0    0.00000
[26,]   25    0    0 0.00000000       0    0.00000
[27,]   26    0    0 0.00000000       0    0.00000
[28,]   27    0    0 0.00000000       0    0.00000
[29,]   28    0    0 0.00000000       0    0.00000
[30,]   29    0    0 0.00000000       0    0.00000
[31,]   30    0    0 0.00000000       0    0.00000
[1] -493740
[1] "<-----------配列6番目20以上30以下"
      [,1] [,2] [,3]       [,4]    [,5]       [,6]
 [1,]    0   15  165 0.09090909  -45210 -274.00000
 [2,]    1   46  470 0.09787234 -113890 -242.31915
 [3,]    2   71  627 0.11323764 -146900 -234.29027
 [4,]    3   88  588 0.14965986  -84150 -143.11224
 [5,]    4   82  434 0.18894009  -82390 -189.83871
 [6,]    5   70  294 0.23809524  -13050  -44.38776
 [7,]    6   39  167 0.23353293   -3270  -19.58084
 [8,]    7   19   78 0.24358974   -5540  -71.02564
 [9,]    8    8   33 0.24242424   -5190 -157.27273
[10,]    9    5   15 0.33333333    4020  268.00000
[11,]   10    2    3 0.66666667    2300  766.66667
[12,]   11    0    1 0.00000000    -500 -500.00000
[13,]   12    0    1 0.00000000    -500 -500.00000
[14,]   13    1    1 1.00000000     530  530.00000
[15,]   14    0    0 0.00000000       0    0.00000
[16,]   15    0    0 0.00000000       0    0.00000
[17,]   16    0    0 0.00000000       0    0.00000
[18,]   17    0    0 0.00000000       0    0.00000
[19,]   18    0    0 0.00000000       0    0.00000
[20,]   19    0    0 0.00000000       0    0.00000
[21,]   20    0    0 0.00000000       0    0.00000
[22,]   21    0    0 0.00000000       0    0.00000
[23,]   22    0    0 0.00000000       0    0.00000
[24,]   23    0    0 0.00000000       0    0.00000
[25,]   24    0    0 0.00000000       0    0.00000
[26,]   25    0    0 0.00000000       0    0.00000
[27,]   26    0    0 0.00000000       0    0.00000
[28,]   27    0    0 0.00000000       0    0.00000
[29,]   28    0    0 0.00000000       0    0.00000
[30,]   29    0    0 0.00000000       0    0.00000
[31,]   30    0    0 0.00000000       0    0.00000
[1] -493740
[1] "<-----------配列7番目30以上50以下"
      [,1] [,2] [,3]       [,4]    [,5]       [,6]
 [1,]    0    9   74 0.12162162  -23660 -319.72973
 [2,]    1    9  175 0.05142857  -47260 -270.05714
 [3,]    2   50  356 0.14044944  -65240 -183.25843
 [4,]    3   37  436 0.08486239 -136790 -313.73853
 [5,]    4   64  464 0.13793103  -75740 -163.23276
 [6,]    5   71  425 0.16705882  -53750 -126.47059
 [7,]    6   56  317 0.17665615  -35710 -112.64984
 [8,]    7   53  237 0.22362869  -30270 -127.72152
 [9,]    8   39  177 0.22033898  -25270 -142.76836
[10,]    9   26   88 0.29545455    5920   67.27273
[11,]   10   16   64 0.25000000   -4380  -68.43750
[12,]   11    7   27 0.25925926    1390   51.48148
[13,]   12    5   20 0.25000000   -2630 -131.50000
[14,]   13    0    6 0.00000000   -3000 -500.00000
[15,]   14    3    9 0.33333333    1930  214.44444
[16,]   15    1    1 1.00000000    1220 1220.00000
[17,]   16    0    0 0.00000000       0    0.00000
[18,]   17    0    1 0.00000000    -500 -500.00000
[19,]   18    0    0 0.00000000       0    0.00000
[20,]   19    0    0 0.00000000       0    0.00000
[21,]   20    0    0 0.00000000       0    0.00000
[22,]   21    0    0 0.00000000       0    0.00000
[23,]   22    0    0 0.00000000       0    0.00000
[24,]   23    0    0 0.00000000       0    0.00000
[25,]   24    0    0 0.00000000       0    0.00000
[26,]   25    0    0 0.00000000       0    0.00000
[27,]   26    0    0 0.00000000       0    0.00000
[28,]   27    0    0 0.00000000       0    0.00000
[29,]   28    0    0 0.00000000       0    0.00000
[30,]   29    0    0 0.00000000       0    0.00000
[31,]   30    0    0 0.00000000       0    0.00000
[1] -493740
[1] "<-----------配列8番目50以上100以下"
      [,1] [,2] [,3]       [,4]   [,5]       [,6]
 [1,]    0    3   28 0.10714286  -8650 -308.92857
 [2,]    1    5   53 0.09433962 -18390 -346.98113
 [3,]    2    5  106 0.04716981 -40680 -383.77358
 [4,]    3   19  210 0.09047619 -67560 -321.71429
 [5,]    4   26  283 0.09187279 -83010 -293.32155
 [6,]    5   45  386 0.11658031 -96460 -249.89637
 [7,]    6   39  325 0.12000000 -72330 -222.55385
 [8,]    7   50  312 0.16025641 -56510 -181.12179
 [9,]    8   56  274 0.20437956  -7450  -27.18978
[10,]    9   66  272 0.24264706  -8610  -31.65441
[11,]   10   42  197 0.21319797 -17120  -86.90355
[12,]   11   38  161 0.23602484  -9020  -56.02484
[13,]   12   24  118 0.20338983  25640  217.28814
[14,]   13   17   75 0.22666667 -12160 -162.13333
[15,]   14    6   48 0.12500000 -17280 -360.00000
[16,]   15    3   17 0.17647059   -710  -41.76471
[17,]   16    2    8 0.25000000  -1440 -180.00000
[18,]   17    0    4 0.00000000  -2000 -500.00000
[19,]   18    0    0 0.00000000      0    0.00000
[20,]   19    0    0 0.00000000      0    0.00000
[21,]   20    0    0 0.00000000      0    0.00000
[22,]   21    0    0 0.00000000      0    0.00000
[23,]   22    0    0 0.00000000      0    0.00000
[24,]   23    0    0 0.00000000      0    0.00000
[25,]   24    0    0 0.00000000      0    0.00000
[26,]   25    0    0 0.00000000      0    0.00000
[27,]   26    0    0 0.00000000      0    0.00000
[28,]   27    0    0 0.00000000      0    0.00000
[29,]   28    0    0 0.00000000      0    0.00000
[30,]   29    0    0 0.00000000      0    0.00000
[31,]   30    0    0 0.00000000      0    0.00000
[1] -493740
[1] "<-----------配列9番目100以上200以下"
      [,1] [,2] [,3]       [,4]   [,5]      [,6]
 [1,]    0   94  400 0.23500000 -47440 -118.6000
 [2,]    1   28  148 0.18918919 -31040 -209.7297
 [3,]    2   35  206 0.16990291 -30410 -147.6214
 [4,]    3   47  289 0.16262976 -21190  -73.3218
 [5,]    4   45  299 0.15050167 -55460 -185.4849
 [6,]    5   61  386 0.15803109 -54590 -141.4249
 [7,]    6   50  383 0.13054830 -77140 -201.4099
 [8,]    7   42  282 0.14893617 -47910 -169.8936
 [9,]    8   21  206 0.10194175 -49890 -242.1845
[10,]    9   13  152 0.08552632 -50070 -329.4079
[11,]   10    6   71 0.08450704  -9150 -128.8732
[12,]   11    2   30 0.06666667 -10230 -341.0000
[13,]   12    1   16 0.06250000  -5490 -343.1250
[14,]   13    1    9 0.11111111  -3730 -414.4444
[15,]   14    0    0 0.00000000      0    0.0000
[16,]   15    0    0 0.00000000      0    0.0000
[17,]   16    0    0 0.00000000      0    0.0000
[18,]   17    0    0 0.00000000      0    0.0000
[19,]   18    0    0 0.00000000      0    0.0000
[20,]   19    0    0 0.00000000      0    0.0000
[21,]   20    0    0 0.00000000      0    0.0000
[22,]   21    0    0 0.00000000      0    0.0000
[23,]   22    0    0 0.00000000      0    0.0000
[24,]   23    0    0 0.00000000      0    0.0000
[25,]   24    0    0 0.00000000      0    0.0000
[26,]   25    0    0 0.00000000      0    0.0000
[27,]   26    0    0 0.00000000      0    0.0000
[28,]   27    0    0 0.00000000      0    0.0000
[29,]   28    0    0 0.00000000      0    0.0000
[30,]   29    0    0 0.00000000      0    0.0000
[31,]   30    0    0 0.00000000      0    0.0000
[1] -493740
[1] "<-----------配列10番目200以上300以下"
      [,1] [,2] [,3]       [,4]    [,5]       [,6]
 [1,]    0  316 1469 0.21511232 -105250  -71.64738
 [2,]    1   31  262 0.11832061  -73360 -280.00000
 [3,]    2   42  352 0.11931818  -60120 -170.79545
 [4,]    3   24  309 0.07766990  -82700 -267.63754
 [5,]    4   15  230 0.06521739  -83550 -363.26087
 [6,]    5   11  142 0.07746479  -44410 -312.74648
 [7,]    6    4   68 0.05882353  -28370 -417.20588
 [8,]    7    2   35 0.05714286  -11760 -336.00000
 [9,]    8    1    7 0.14285714   -2720 -388.57143
[10,]    9    0    3 0.00000000   -1500 -500.00000
[11,]   10    0    0 0.00000000       0    0.00000
[12,]   11    0    0 0.00000000       0    0.00000
[13,]   12    0    0 0.00000000       0    0.00000
[14,]   13    0    0 0.00000000       0    0.00000
[15,]   14    0    0 0.00000000       0    0.00000
[16,]   15    0    0 0.00000000       0    0.00000
[17,]   16    0    0 0.00000000       0    0.00000
[18,]   17    0    0 0.00000000       0    0.00000
[19,]   18    0    0 0.00000000       0    0.00000
[20,]   19    0    0 0.00000000       0    0.00000
[21,]   20    0    0 0.00000000       0    0.00000
[22,]   21    0    0 0.00000000       0    0.00000
[23,]   22    0    0 0.00000000       0    0.00000
[24,]   23    0    0 0.00000000       0    0.00000
[25,]   24    0    0 0.00000000       0    0.00000
[26,]   25    0    0 0.00000000       0    0.00000
[27,]   26    0    0 0.00000000       0    0.00000
[28,]   27    0    0 0.00000000       0    0.00000
[29,]   28    0    0 0.00000000       0    0.00000
[30,]   29    0    0 0.00000000       0    0.00000
[31,]   30    0    0 0.00000000       0    0.00000
[1] -493740
[1] "<-----------配列11番目300以上"
      [,1] [,2] [,3]       [,4]    [,5]      [,6]
 [1,]    0  369 1919 0.19228765 -201690 -105.1016
 [2,]    1   18  135 0.13333333  -27890 -206.5926
 [3,]    2    8  120 0.06666667  -46850 -390.4167
 [4,]    3    8  118 0.06779661  -39760 -336.9492
 [5,]    4   13  125 0.10400000  -32460 -259.6800
 [6,]    5   12  100 0.12000000  -19180 -191.8000
 [7,]    6    7   91 0.07692308  -27710 -304.5055
 [8,]    7    6   82 0.07317073  -27010 -329.3902
 [9,]    8    3   58 0.05172414  -10090 -173.9655
[10,]    9    2   45 0.04444444  -19100 -424.4444
[11,]   10    0   39 0.00000000  -19500 -500.0000
[12,]   11    0   18 0.00000000   -9000 -500.0000
[13,]   12    0   14 0.00000000   -7000 -500.0000
[14,]   13    0    6 0.00000000   -3000 -500.0000
[15,]   14    0    6 0.00000000   -3000 -500.0000
[16,]   15    0    1 0.00000000    -500 -500.0000
[17,]   16    0    0 0.00000000       0    0.0000
[18,]   17    0    0 0.00000000       0    0.0000
[19,]   18    0    0 0.00000000       0    0.0000
[20,]   19    0    0 0.00000000       0    0.0000
[21,]   20    0    0 0.00000000       0    0.0000
[22,]   21    0    0 0.00000000       0    0.0000
[23,]   22    0    0 0.00000000       0    0.0000
[24,]   23    0    0 0.00000000       0    0.0000
[25,]   24    0    0 0.00000000       0    0.0000
[26,]   25    0    0 0.00000000       0    0.0000
[27,]   26    0    0 0.00000000       0    0.0000
[28,]   27    0    0 0.00000000       0    0.0000
[29,]   28    0    0 0.00000000       0    0.0000
[30,]   29    0    0 0.00000000       0    0.0000
[31,]   30    0    0 0.00000000       0    0.0000
[1] -493740
[1] "<-----------配列12番目0"
      [,1] [,2] [,3]       [,4]    [,5]      [,6]
 [1,]    0  402 2362 0.17019475 -343140 -145.2752
 [2,]    1    0    0 0.00000000       0    0.0000
 [3,]    2   34  340 0.10000000  -86230 -253.6176
 [4,]    3    0    3 0.00000000   -1500 -500.0000
 [5,]    4    0    4 0.00000000   -2000 -500.0000
 [6,]    5    0    0 0.00000000       0    0.0000
 [7,]    6    0    0 0.00000000       0    0.0000
 [8,]    7    0    0 0.00000000       0    0.0000
 [9,]    8    0    0 0.00000000       0    0.0000
[10,]    9    9  118 0.07627119  -40720 -345.0847
[11,]   10    0    0 0.00000000       0    0.0000
[12,]   11    0    0 0.00000000       0    0.0000
[13,]   12    0    0 0.00000000       0    0.0000
[14,]   13    0    0 0.00000000       0    0.0000
[15,]   14    0    0 0.00000000       0    0.0000
[16,]   15    1   32 0.03125000  -11150 -348.4375
[17,]   16    0    0 0.00000000       0    0.0000
[18,]   17    0    0 0.00000000       0    0.0000
[19,]   18    0    0 0.00000000       0    0.0000
[20,]   19    0    0 0.00000000       0    0.0000
[21,]   20    0   18 0.00000000   -9000 -500.0000
[22,]   21    0    0 0.00000000       0    0.0000
[23,]   22    0    0 0.00000000       0    0.0000
[24,]   23    0    0 0.00000000       0    0.0000
[25,]   24    0    0 0.00000000       0    0.0000
[26,]   25    0    0 0.00000000       0    0.0000
[27,]   26    0    0 0.00000000       0    0.0000
[28,]   27    0    0 0.00000000       0    0.0000
[29,]   28    0    0 0.00000000       0    0.0000
[30,]   29    0    0 0.00000000       0    0.0000
[31,]   30    0    0 0.00000000       0    0.0000
[1] -493740
[1] "<-----------配列13番目20以下"
      [,1] [,2] [,3]       [,4]    [,5]       [,6]
 [1,]    0    0    0 0.00000000       0    0.00000
 [2,]    1    0    0 0.00000000       0    0.00000
 [3,]    2    0    1 0.00000000    -500 -500.00000
 [4,]    3    2   31 0.06451613  -11490 -370.64516
 [5,]    4    8  117 0.06837607  -34710 -296.66667
 [6,]    5   47  430 0.10930233 -120700 -280.69767
 [7,]    6   80  677 0.11816839 -133500 -197.19350
 [8,]    7  134  785 0.17070064  -94340 -120.17834
 [9,]    8   84  443 0.18961625  -63980 -144.42438
[10,]    9   47  239 0.19665272  -28250 -118.20084
[11,]   10   27  119 0.22689076  -14140 -118.82353
[12,]   11   12   26 0.46153846    6740  259.23077
[13,]   12    3    6 0.50000000    1030  171.66667
[14,]   13    2    3 0.66666667     100   33.33333
[15,]   14    0    0 0.00000000       0    0.00000
[16,]   15    0    0 0.00000000       0    0.00000
[17,]   16    0    0 0.00000000       0    0.00000
[18,]   17    0    0 0.00000000       0    0.00000
[19,]   18    0    0 0.00000000       0    0.00000
[20,]   19    0    0 0.00000000       0    0.00000
[21,]   20    0    0 0.00000000       0    0.00000
[22,]   21    0    0 0.00000000       0    0.00000
[23,]   22    0    0 0.00000000       0    0.00000
[24,]   23    0    0 0.00000000       0    0.00000
[25,]   24    0    0 0.00000000       0    0.00000
[26,]   25    0    0 0.00000000       0    0.00000
[27,]   26    0    0 0.00000000       0    0.00000
[28,]   27    0    0 0.00000000       0    0.00000
[29,]   28    0    0 0.00000000       0    0.00000
[30,]   29    0    0 0.00000000       0    0.00000
[31,]   30    0    0 0.00000000       0    0.00000
[1] -493740
[1] "<-----------配列14番目30以下"
      [,1] [,2] [,3]        [,4]   [,5]       [,6]
 [1,]    0    0    0 0.000000000      0    0.00000
 [2,]    1    0    0 0.000000000      0    0.00000
 [3,]    2    0    0 0.000000000      0    0.00000
 [4,]    3    0    1 0.000000000   -500 -500.00000
 [5,]    4    0    7 0.000000000  -3500 -500.00000
 [6,]    5    1   52 0.019230769 -23150 -445.19231
 [7,]    6    1  155 0.006451613 -74840 -482.83871
 [8,]    7   13  248 0.052419355 -81860 -330.08065
 [9,]    8   34  347 0.097982709 -94010 -270.92219
[10,]    9   62  499 0.124248497 -92660 -185.69138
[11,]   10   85  512 0.166015625 -33970  -66.34766
[12,]   11   85  418 0.203349282 -47760 -114.25837
[13,]   12   71  292 0.243150685 -18980  -65.00000
[14,]   13   45  167 0.269461078  -3110  -18.62275
[15,]   14   20   93 0.215053763 -10410 -111.93548
[16,]   15   15   55 0.272727273  -7340 -133.45455
[17,]   16   12   22 0.545454545   1310   59.54545
[18,]   17    0    4 0.000000000  -2000 -500.00000
[19,]   18    1    1 1.000000000     10   10.00000
[20,]   19    0    3 0.000000000  -1500 -500.00000
[21,]   20    1    1 1.000000000    530  530.00000
[22,]   21    0    0 0.000000000      0    0.00000
[23,]   22    0    0 0.000000000      0    0.00000
[24,]   23    0    0 0.000000000      0    0.00000
[25,]   24    0    0 0.000000000      0    0.00000
[26,]   25    0    0 0.000000000      0    0.00000
[27,]   26    0    0 0.000000000      0    0.00000
[28,]   27    0    0 0.000000000      0    0.00000
[29,]   28    0    0 0.000000000      0    0.00000
[30,]   29    0    0 0.000000000      0    0.00000
[31,]   30    0    0 0.000000000      0    0.00000
[1] -493740
[1] "<-----------配列15番目50以下"
      [,1] [,2] [,3]       [,4]   [,5]       [,6]
 [1,]    0    0    0 0.00000000      0    0.00000
 [2,]    1    0    0 0.00000000      0    0.00000
 [3,]    2    0    0 0.00000000      0    0.00000
 [4,]    3    0    0 0.00000000      0    0.00000
 [5,]    4    0    0 0.00000000      0    0.00000
 [6,]    5    0    3 0.00000000  -1500 -500.00000
 [7,]    6    0   13 0.00000000  -6500 -500.00000
 [8,]    7    0   42 0.00000000 -21000 -500.00000
 [9,]    8    1   74 0.01351351 -34760 -469.72973
[10,]    9    4  139 0.02877698 -57770 -415.61151
[11,]   10    7  183 0.03825137 -71830 -392.51366
[12,]   11   12  202 0.05940594 -52260 -258.71287
[13,]   12   27  258 0.10465116 -64260 -249.06977
[14,]   13   36  272 0.13235294 -34310 -126.13971
[15,]   14   42  284 0.14788732 -32950 -116.02113
[16,]   15   42  294 0.14285714 -54750 -186.22449
[17,]   16   60  281 0.21352313 -11310  -40.24911
[18,]   17   57  215 0.26511628   6050   28.13953
[19,]   18   41  203 0.20197044 -32320 -159.21182
[20,]   19   37  138 0.26811594 -11920  -86.37681
[21,]   20   33  105 0.31428571   1060   10.09524
[22,]   21   24   83 0.28915663  -2640  -31.80723
[23,]   22   10   36 0.27777778  -3580  -99.44444
[24,]   23    5   22 0.22727273  -4540 -206.36364
[25,]   24    2   10 0.20000000   1200  120.00000
[26,]   25    3   13 0.23076923  -3130 -240.76923
[27,]   26    2    5 0.40000000   -750 -150.00000
[28,]   27    1    2 0.50000000     30   15.00000
[29,]   28    0    0 0.00000000      0    0.00000
[30,]   29    0    0 0.00000000      0    0.00000
[31,]   30    0    0 0.00000000      0    0.00000
[1] -493740
[1] "<-----------配列16番目100以下"
      [,1] [,2] [,3]       [,4]   [,5]        [,6]
 [1,]    0    0    0 0.00000000      0    0.000000
 [2,]    1    0    0 0.00000000      0    0.000000
 [3,]    2    0    0 0.00000000      0    0.000000
 [4,]    3    0    0 0.00000000      0    0.000000
 [5,]    4    0    0 0.00000000      0    0.000000
 [6,]    5    0    0 0.00000000      0    0.000000
 [7,]    6    0    0 0.00000000      0    0.000000
 [8,]    7    0    0 0.00000000      0    0.000000
 [9,]    8    0    0 0.00000000      0    0.000000
[10,]    9    0    6 0.00000000  -3000 -500.000000
[11,]   10    1   40 0.02500000 -19230 -480.750000
[12,]   11    0   42 0.00000000 -21000 -500.000000
[13,]   12    3   66 0.04545455 -27520 -416.969697
[14,]   13    3   96 0.03125000 -41970 -437.187500
[15,]   14    7  131 0.05343511 -30790 -235.038168
[16,]   15    6  144 0.04166667 -57340 -398.194444
[17,]   16   10  157 0.06369427 -50380 -320.891720
[18,]   17    8  154 0.05194805 -61970 -402.402597
[19,]   18   23  147 0.15646259   1440    9.795918
[20,]   19   14  168 0.08333333 -50980 -303.452381
[21,]   20   17  143 0.11888112 -42150 -294.755245
[22,]   21   25  185 0.13513514 -48510 -262.216216
[23,]   22   22  137 0.16058394 -16120 -117.664234
[24,]   23   37  160 0.23125000   1820   11.375000
[25,]   24   44  164 0.26829268   5030   30.670732
[26,]   25   30  143 0.20979021   5960   41.678322
[27,]   26   26   99 0.26262626  -2260  -22.828283
[28,]   27   34  121 0.28099174  30920  255.537190
[29,]   28   24  109 0.22018349 -13950 -127.981651
[30,]   29   19  108 0.17592593 -20950 -193.981481
[31,]   30   93  357 0.26050420 -30790  -86.246499
[1] -493740
[1] "<-----------配列17番目200以上"
      [,1] [,2] [,3]       [,4]   [,5]       [,6]
 [1,]    0  314 1440 0.21805556 -94940  -65.93056
 [2,]    1   18  121 0.14876033 -30670 -253.47107
 [3,]    2   20  161 0.12422360 -22120 -137.39130
 [4,]    3   17  127 0.13385827 -18100 -142.51969
 [5,]    4    9  124 0.07258065 -45870 -369.91935
 [6,]    5   14  143 0.09790210 -44700 -312.58741
 [7,]    6   14  137 0.10218978 -34670 -253.06569
 [8,]    7   13  122 0.10655738 -29750 -243.85246
 [9,]    8    9  100 0.09000000 -27850 -278.50000
[10,]    9    7  111 0.06306306 -32150 -289.63964
[11,]   10    7   93 0.07526882 -20450 -219.89247
[12,]   11    1   70 0.01428571 -32380 -462.57143
[13,]   12    2   45 0.04444444 -19370 -430.44444
[14,]   13    0   33 0.00000000 -16500 -500.00000
[15,]   14    1   26 0.03846154 -12220 -470.00000
[16,]   15    0   19 0.00000000  -9500 -500.00000
[17,]   16    0    3 0.00000000  -1500 -500.00000
[18,]   17    0    2 0.00000000  -1000 -500.00000
[19,]   18    0    0 0.00000000      0    0.00000
[20,]   19    0    0 0.00000000      0    0.00000
[21,]   20    0    0 0.00000000      0    0.00000
[22,]   21    0    0 0.00000000      0    0.00000
[23,]   22    0    0 0.00000000      0    0.00000
[24,]   23    0    0 0.00000000      0    0.00000
[25,]   24    0    0 0.00000000      0    0.00000
[26,]   25    0    0 0.00000000      0    0.00000
[27,]   26    0    0 0.00000000      0    0.00000
[28,]   27    0    0 0.00000000      0    0.00000
[29,]   28    0    0 0.00000000      0    0.00000
[30,]   29    0    0 0.00000000      0    0.00000
[31,]   30    0    0 0.00000000      0    0.00000
[1] -493740
[1] "<-----------配列18番目100以上"
      [,1] [,2] [,3]       [,4]   [,5]       [,6]
 [1,]    0   94  393 0.23918575 -43940 -111.80662
 [2,]    1   21  119 0.17647059 -24920 -209.41176
 [3,]    2   26  118 0.22033898 -11880 -100.67797
 [4,]    3   36  140 0.25714286  23760  169.71429
 [5,]    4   26  112 0.23214286 -11210 -100.08929
 [6,]    5   33  161 0.20496894   3710   23.04348
 [7,]    6   46  186 0.24731183  -2730  -14.67742
 [8,]    7   39  187 0.20855615  -3560  -19.03743
 [9,]    8   21  156 0.13461538 -28200 -180.76923
[10,]    9   27  201 0.13432836 -47600 -236.81592
[11,]   10   21  159 0.13207547 -40100 -252.20126
[12,]   11   11  177 0.06214689 -68280 -385.76271
[13,]   12   19  152 0.12500000  -6100  -40.13158
[14,]   13    7  157 0.04458599 -63270 -402.99363
[15,]   14    8  132 0.06060606 -32200 -243.93939
[16,]   15    4  114 0.03508772 -48860 -428.59649
[17,]   16    2  104 0.01923077 -40360 -388.07692
[18,]   17    2   46 0.04347826 -20310 -441.52174
[19,]   18    2   28 0.07142857 -10960 -391.42857
[20,]   19    0   22 0.00000000 -11000 -500.00000
[21,]   20    1   11 0.09090909  -4730 -430.00000
[22,]   21    0    2 0.00000000  -1000 -500.00000
[23,]   22    0    0 0.00000000      0    0.00000
[24,]   23    0    0 0.00000000      0    0.00000
[25,]   24    0    0 0.00000000      0    0.00000
[26,]   25    0    0 0.00000000      0    0.00000
[27,]   26    0    0 0.00000000      0    0.00000
[28,]   27    0    0 0.00000000      0    0.00000
[29,]   28    0    0 0.00000000      0    0.00000
[30,]   29    0    0 0.00000000      0    0.00000
[31,]   30    0    0 0.00000000      0    0.00000
[1] -493740
