[1] "R出力\\20170513_Tansho2_4_KISOfitted.txt"
[1] 322
[1] 46
[1] "<-----------10"
      [,1] [,2] [,3]      [,4]   [,5]      [,6] [,7] [,8] [,9]     [,10] [,11]       [,12]
 [1,]    0    0    0 0.0000000      0   0.00000    0    0    0 0.0000000     0    0.000000
 [2,]    1    0    0 0.0000000      0   0.00000    1    0    0 0.0000000     0    0.000000
 [3,]    2    0    0 0.0000000      0   0.00000    2    0    0 0.0000000     0    0.000000
 [4,]    3  100  777 0.1287001 -18770 -24.15701    3   16  119 0.1344538  -960   -8.067227
 [5,]    4  134 1008 0.1329365 -26100 -25.89286    4   19  153 0.1241830 -5460  -35.686275
 [6,]    5   76  493 0.1541582  -5200 -10.54767    5   11   74 0.1486486  -580   -7.837838
 [7,]    6   11  109 0.1009174  -5360 -49.17431    6    0   17 0.0000000 -1700 -100.000000
 [8,]    7    1    4 0.2500000    240  60.00000    7    0    0 0.0000000     0    0.000000
 [9,]    8    0    0 0.0000000      0   0.00000    8    0    0 0.0000000     0    0.000000
[10,]    9    0    0 0.0000000      0   0.00000    9    0    0 0.0000000     0    0.000000
[11,]   10    0    0 0.0000000      0   0.00000   10    0    0 0.0000000     0    0.000000
[12,]   11    0    0 0.0000000      0   0.00000   11    0    0 0.0000000     0    0.000000
[13,]   12    0    0 0.0000000      0   0.00000   12    0    0 0.0000000     0    0.000000
[1] -55190
[1] -8700
[1] 322
[1] 46
[1] "<-----------20"
      [,1] [,2] [,3]      [,4]   [,5]       [,6] [,7] [,8] [,9]      [,10] [,11]       [,12]
 [1,]    0    0    0 0.0000000      0    0.00000    0    0    0 0.00000000     0    0.000000
 [2,]    1    0    0 0.0000000      0    0.00000    1    0    0 0.00000000     0    0.000000
 [3,]    2    0    0 0.0000000      0    0.00000    2    0    0 0.00000000     0    0.000000
 [4,]    3    6   52 0.1153846  -2000  -38.46154    3    1    8 0.12500000  -340  -42.500000
 [5,]    4   46  349 0.1318052  -8350  -23.92550    4    4   53 0.07547170 -1860  -35.094340
 [6,]    5  114  769 0.1482445 -13840  -17.99740    5   16  120 0.13333333 -2660  -22.166667
 [7,]    6   82  651 0.1259601 -17290  -26.55914    6   17   99 0.17171717  -540   -5.454545
 [8,]    7   45  395 0.1139241 -12270  -31.06329    7    6   55 0.10909091 -1980  -36.000000
 [9,]    8   24  150 0.1600000  -1960  -13.06667    8    2   24 0.08333333  -920  -38.333333
[10,]    9    5   24 0.2083333    620   25.83333    9    0    3 0.00000000  -300 -100.000000
[11,]   10    0    1 0.0000000   -100 -100.00000   10    0    1 0.00000000  -100 -100.000000
[12,]   11    0    0 0.0000000      0    0.00000   11    0    0 0.00000000     0    0.000000
[13,]   12    0    0 0.0000000      0    0.00000   12    0    0 0.00000000     0    0.000000
[1] -55190
[1] -8700
[1] 322
[1] 46
[1] "<-----------30"
      [,1] [,2] [,3]      [,4]   [,5]       [,6] [,7] [,8] [,9]      [,10] [,11]       [,12]
 [1,]    0    0    0 0.0000000      0    0.00000    0    0    0 0.00000000     0    0.000000
 [2,]    1    0    0 0.0000000      0    0.00000    1    0    0 0.00000000     0    0.000000
 [3,]    2    0    0 0.0000000      0    0.00000    2    0    0 0.00000000     0    0.000000
 [4,]    3    0    2 0.0000000   -200 -100.00000    3    0    1 0.00000000  -100 -100.000000
 [5,]    4   15  104 0.1442308  -2150  -20.67308    4    3   18 0.16666667   140    7.777778
 [6,]    5   71  438 0.1621005  -5170  -11.80365    5   13   68 0.19117647  1160   17.058824
 [7,]    6   78  615 0.1268293 -14840  -24.13008    6    9   97 0.09278351 -4210  -43.402062
 [8,]    7   79  600 0.1316667 -16590  -27.65000    7    8   83 0.09638554 -3620  -43.614458
 [9,]    8   45  389 0.1156812 -13430  -34.52442    8    7   58 0.12068966 -1940  -33.448276
[10,]    9   26  185 0.1405405  -2190  -11.83784    9    5   29 0.17241379   100    3.448276
[11,]   10    5   47 0.1063830  -1170  -24.89362   10    1    6 0.16666667    70   11.666667
[12,]   11    3   11 0.2727273    550   50.00000   11    0    3 0.00000000  -300 -100.000000
[13,]   12    0    0 0.0000000      0    0.00000   12    0    0 0.00000000     0    0.000000
[1] -55190
[1] -8700
[1] 322
[1] 46
[1] "<-----------50"
      [,1] [,2] [,3]      [,4]   [,5]        [,6] [,7] [,8] [,9]      [,10] [,11]       [,12]
 [1,]    0   30  244 0.1229508  -7500  -30.737705    0    8   48 0.16666667  -180   -3.750000
 [2,]    1   59  449 0.1314031 -11930  -26.570156    1    7   82 0.08536585 -3970  -48.414634
 [3,]    2   79  579 0.1364421 -14690  -25.371330    2   10   75 0.13333333 -1680  -22.400000
 [4,]    3   77  535 0.1439252  -8330  -15.570093    3   14   89 0.15730337   110    1.235955
 [5,]    4   45  332 0.1355422  -6920  -20.843373    4    7   42 0.16666667  -280   -6.666667
 [6,]    5   20  160 0.1250000  -4360  -27.250000    5    0   18 0.00000000 -1800 -100.000000
 [7,]    6    6   64 0.0937500  -2850  -44.531250    6    0    7 0.00000000  -700 -100.000000
 [8,]    7    5   20 0.2500000   1530   76.500000    7    0    2 0.00000000  -200 -100.000000
 [9,]    8    1    7 0.1428571    -40   -5.714286    8    0    0 0.00000000     0    0.000000
[10,]    9    0    1 0.0000000   -100 -100.000000    9    0    0 0.00000000     0    0.000000
[11,]   10    0    0 0.0000000      0    0.000000   10    0    0 0.00000000     0    0.000000
[12,]   11    0    0 0.0000000      0    0.000000   11    0    0 0.00000000     0    0.000000
[13,]   12    0    0 0.0000000      0    0.000000   12    0    0 0.00000000     0    0.000000
[1] -55190
[1] -8700
[1] 322
[1] 46
[1] "<-----------70"
      [,1] [,2] [,3]       [,4]   [,5]        [,6] [,7] [,8] [,9]      [,10] [,11]      [,12]
 [1,]    0   64  486 0.13168724 -13810  -28.415638    0   12   92 0.13043478 -2570  -27.93478
 [2,]    1   83  647 0.12828439 -18120  -28.006182    1    8  105 0.07619048 -4820  -45.90476
 [3,]    2   78  580 0.13448276 -12320  -21.241379    2   13   80 0.16250000  -450   -5.62500
 [4,]    3   63  396 0.15909091  -3050   -7.702020    3   13   58 0.22413793  1940   33.44828
 [5,]    4   17  181 0.09392265  -7980  -44.088398    4    0   16 0.00000000 -1600 -100.00000
 [6,]    5   11   69 0.15942029   -170   -2.463768    5    0   10 0.00000000 -1000 -100.00000
 [7,]    6    5   27 0.18518519    160    5.925926    6    0    2 0.00000000  -200 -100.00000
 [8,]    7    1    2 0.50000000    400  200.000000    7    0    0 0.00000000     0    0.00000
 [9,]    8    0    2 0.00000000   -200 -100.000000    8    0    0 0.00000000     0    0.00000
[10,]    9    0    1 0.00000000   -100 -100.000000    9    0    0 0.00000000     0    0.00000
[11,]   10    0    0 0.00000000      0    0.000000   10    0    0 0.00000000     0    0.00000
[12,]   11    0    0 0.00000000      0    0.000000   11    0    0 0.00000000     0    0.00000
[13,]   12    0    0 0.00000000      0    0.000000   12    0    0 0.00000000     0    0.00000
[1] -55190
[1] -8700
[1] 322
[1] 46
[1] "<-----------100"
      [,1] [,2] [,3]      [,4]   [,5]        [,6] [,7] [,8] [,9]      [,10] [,11]      [,12]
 [1,]    0  124  960 0.1291667 -26540  -27.645833    0   21  168 0.12500000 -4450  -26.48810
 [2,]    1   88  675 0.1303704 -17410  -25.792593    1    7   91 0.07692308 -4360  -47.91209
 [3,]    2   62  419 0.1479714  -4940  -11.789976    2   16   73 0.21917808  2160   29.58904
 [4,]    3   33  237 0.1392405  -4810  -20.295359    3    2   21 0.09523810 -1050  -50.00000
 [5,]    4    9   67 0.1343284  -1710  -25.522388    4    0    6 0.00000000  -600 -100.00000
 [6,]    5    5   28 0.1785714    120    4.285714    5    0    3 0.00000000  -300 -100.00000
 [7,]    6    0    2 0.0000000   -200 -100.000000    6    0    1 0.00000000  -100 -100.00000
 [8,]    7    1    3 0.3333333    300  100.000000    7    0    0 0.00000000     0    0.00000
 [9,]    8    0    0 0.0000000      0    0.000000    8    0    0 0.00000000     0    0.00000
[10,]    9    0    0 0.0000000      0    0.000000    9    0    0 0.00000000     0    0.00000
[11,]   10    0    0 0.0000000      0    0.000000   10    0    0 0.00000000     0    0.00000
[12,]   11    0    0 0.0000000      0    0.000000   11    0    0 0.00000000     0    0.00000
[13,]   12    0    0 0.0000000      0    0.000000   12    0    0 0.00000000     0    0.00000
[1] -55190
[1] -8700
[1] 331
[1] 46
[1] "<-----------馬複人気順1番   開始範囲:終了範囲=0:35   倍率=0.4倍"
      [,1] [,2] [,3]       [,4]   [,5]         [,6] [,7] [,8] [,9]      [,10] [,11]       [,12]
 [1,]    0    0    0 0.00000000      0    0.0000000    0    0    0 0.00000000     0    0.000000
 [2,]    1    0    0 0.00000000      0    0.0000000    1    0    0 0.00000000     0    0.000000
 [3,]    2    0    0 0.00000000      0    0.0000000    2    0    0 0.00000000     0    0.000000
 [4,]    3    0    0 0.00000000      0    0.0000000    3    0    0 0.00000000     0    0.000000
 [5,]    4   11   75 0.14666667    600    8.0000000    4    1   14 0.07142857  -160  -11.428571
 [6,]    5   21  139 0.15107914    850    6.1151079    5    2   20 0.10000000  -390  -19.500000
 [7,]    6   29  190 0.15263158  -3930  -20.6842105    6    4   27 0.14814815  -290  -10.740741
 [8,]    7   22  177 0.12429379  -4830  -27.2881356    7    3   22 0.13636364  -680  -30.909091
 [9,]    8   30  232 0.12931034  -6640  -28.6206897    8    6   44 0.13636364 -1160  -26.363636
[10,]    9   24  213 0.11267606  -9350  -43.8967136    9    4   39 0.10256410 -2020  -51.794872
[11,]   10   24  236 0.10169492 -10810  -45.8050847   10    5   26 0.19230769   430   16.538462
[12,]   11   29  236 0.12288136  -6910  -29.2796610   11    3   37 0.08108108 -1840  -49.729730
[13,]   12   28  159 0.17610063     90    0.5660377   12    6   27 0.22222222   470   17.407407
[14,]   13   29  187 0.15508021  -1950  -10.4278075   13    4   25 0.16000000    90    3.600000
[15,]   14   16  110 0.14545455  -1580  -14.3636364   14    0   13 0.00000000 -1300 -100.000000
[16,]   15   15   97 0.15463918   -420   -4.3298969   15    2   16 0.12500000  -190  -11.875000
[17,]   16   17  101 0.16831683  -1160  -11.4851485   16    2   15 0.13333333  -110   -7.333333
[18,]   17    6   74 0.08108108  -4740  -64.0540541   17    1   17 0.05882353 -1220  -71.764706
[19,]   18    8   73 0.10958904  -2010  -27.5342466   18    1   10 0.10000000  -520  -52.000000
[20,]   19    5   29 0.17241379   -640  -22.0689655   19    0    2 0.00000000  -200 -100.000000
[21,]   20    6   29 0.20689655    550   18.9655172   20    1    4 0.25000000   200   50.000000
[22,]   21    3   25 0.12000000  -1060  -42.4000000   21    1    5 0.20000000   -20   -4.000000
[23,]   22    3   20 0.15000000   -270  -13.5000000   22    0    2 0.00000000  -200 -100.000000
[24,]   23    3   13 0.23076923    380   29.2307692   23    0    3 0.00000000  -300 -100.000000
[25,]   24    1    6 0.16666667   -100  -16.6666667   24    0    0 0.00000000     0    0.000000
[26,]   25    1    2 0.50000000    330  165.0000000   25    0    0 0.00000000     0    0.000000
[27,]   26    0    5 0.00000000   -500 -100.0000000   26    0    1 0.00000000  -100 -100.000000
[28,]   27    0    2 0.00000000   -200 -100.0000000   27    0    1 0.00000000  -100 -100.000000
[29,]   28    0    1 0.00000000   -100 -100.0000000   28    0    1 0.00000000  -100 -100.000000
[30,]   29    0    2 0.00000000   -200 -100.0000000   29    0    1 0.00000000  -100 -100.000000
[31,]   30    0    0 0.00000000      0    0.0000000   30    0    0 0.00000000     0    0.000000
[32,]   31    0    0 0.00000000      0    0.0000000   31    0    0 0.00000000     0    0.000000
[33,]   32    0    0 0.00000000      0    0.0000000   32    0    0 0.00000000     0    0.000000
[34,]   33    0    0 0.00000000      0    0.0000000   33    0    0 0.00000000     0    0.000000
[35,]   34    0    0 0.00000000      0    0.0000000   34    0    0 0.00000000     0    0.000000
[1] -54600
[1] -9810
[1] 322
[1] 46
[1] "<-----------馬複人気順2番   開始範囲:終了範囲=0:50   倍率=0.5倍"
      [,1] [,2] [,3]       [,4]  [,5]       [,6] [,7] [,8] [,9]      [,10] [,11]       [,12]
 [1,]    0    0    0 0.00000000     0    0.00000    0    0    0 0.00000000     0    0.000000
 [2,]    1    0    0 0.00000000     0    0.00000    1    0    0 0.00000000     0    0.000000
 [3,]    2    0    0 0.00000000     0    0.00000    2    0    0 0.00000000     0    0.000000
 [4,]    3    0    0 0.00000000     0    0.00000    3    0    0 0.00000000     0    0.000000
 [5,]    4    0    1 0.00000000  -100 -100.00000    4    0    1 0.00000000  -100 -100.000000
 [6,]    5    4   14 0.28571429  1120   80.00000    5    1    3 0.33333333   190   63.333333
 [7,]    6    9   51 0.17647059  -650  -12.74510    6    2    9 0.22222222   230   25.555556
 [8,]    7   17  109 0.15596330 -1690  -15.50459    7    4   16 0.25000000  1190   74.375000
 [9,]    8   27  172 0.15697674 -3500  -20.34884    8    4   26 0.15384615  -630  -24.230769
[10,]    9   27  211 0.12796209 -6010  -28.48341    9    3   31 0.09677419 -1270  -40.967742
[11,]   10   31  252 0.12301587 -9130  -36.23016   10    7   37 0.18918919  -110   -2.972973
[12,]   11   25  234 0.10683761 -9390  -40.12821   11    2   34 0.05882353 -2420  -71.176471
[13,]   12   25  227 0.11013216 -8310  -36.60793   12    1   35 0.02857143 -3030  -86.571429
[14,]   13   35  236 0.14830508 -2830  -11.99153   13    5   33 0.15151515    50    1.515152
[15,]   14   27  202 0.13366337 -4080  -20.19802   14    3   28 0.10714286  -180   -6.428571
[16,]   15   24  166 0.14457831 -4390  -26.44578   15    3   30 0.10000000 -1650  -55.000000
[17,]   16   14  131 0.10687023 -2900  -22.13740   16    1   21 0.04761905 -1680  -80.000000
[18,]   17   22  106 0.20754717  2630   24.81132   17    3   19 0.15789474   240   12.631579
[19,]   18   16   92 0.17391304   690    7.50000   18    4   15 0.26666667  1260   84.000000
[20,]   19    6   68 0.08823529 -2980  -43.82353   19    3    9 0.33333333   810   90.000000
[21,]   20    6   55 0.10909091 -2360  -42.90909   20    0    4 0.00000000  -400 -100.000000
[22,]   21    4   29 0.13793103   480   16.55172   21    0    6 0.00000000  -600 -100.000000
[23,]   22    1   15 0.06666667  -970  -64.66667   22    0    1 0.00000000  -100 -100.000000
[24,]   23    1   13 0.07692308  -680  -52.30769   23    0    3 0.00000000  -300 -100.000000
[25,]   24    1    7 0.14285714  -140  -20.00000   24    0    2 0.00000000  -200 -100.000000
[26,]   25    0    0 0.00000000     0    0.00000   25    0    0 0.00000000     0    0.000000
[27,]   26    0    0 0.00000000     0    0.00000   26    0    0 0.00000000     0    0.000000
[28,]   27    0    0 0.00000000     0    0.00000   27    0    0 0.00000000     0    0.000000
[29,]   28    0    0 0.00000000     0    0.00000   28    0    0 0.00000000     0    0.000000
[30,]   29    0    0 0.00000000     0    0.00000   29    0    0 0.00000000     0    0.000000
[31,]   30    0    0 0.00000000     0    0.00000   30    0    0 0.00000000     0    0.000000
[32,]   31    0    0 0.00000000     0    0.00000   31    0    0 0.00000000     0    0.000000
[33,]   32    0    0 0.00000000     0    0.00000   32    0    0 0.00000000     0    0.000000
[34,]   33    0    0 0.00000000     0    0.00000   33    0    0 0.00000000     0    0.000000
[35,]   34    0    0 0.00000000     0    0.00000   34    0    0 0.00000000     0    0.000000
[36,]   35    0    0 0.00000000     0    0.00000   35    0    0 0.00000000     0    0.000000
[37,]   36    0    0 0.00000000     0    0.00000   36    0    0 0.00000000     0    0.000000
[38,]   37    0    0 0.00000000     0    0.00000   37    0    0 0.00000000     0    0.000000
[39,]   38    0    0 0.00000000     0    0.00000   38    0    0 0.00000000     0    0.000000
[40,]   39    0    0 0.00000000     0    0.00000   39    0    0 0.00000000     0    0.000000
[41,]   40    0    0 0.00000000     0    0.00000   40    0    0 0.00000000     0    0.000000
[42,]   41    0    0 0.00000000     0    0.00000   41    0    0 0.00000000     0    0.000000
[43,]   42    0    0 0.00000000     0    0.00000   42    0    0 0.00000000     0    0.000000
[44,]   43    0    0 0.00000000     0    0.00000   43    0    0 0.00000000     0    0.000000
[45,]   44    0    0 0.00000000     0    0.00000   44    0    0 0.00000000     0    0.000000
[46,]   45    0    0 0.00000000     0    0.00000   45    0    0 0.00000000     0    0.000000
[47,]   46    0    0 0.00000000     0    0.00000   46    0    0 0.00000000     0    0.000000
[48,]   47    0    0 0.00000000     0    0.00000   47    0    0 0.00000000     0    0.000000
[49,]   48    0    0 0.00000000     0    0.00000   48    0    0 0.00000000     0    0.000000
[50,]   49    0    0 0.00000000     0    0.00000   49    0    0 0.00000000     0    0.000000
[1] -55190
[1] -8700
[1] 322
[1] 46
[1] "<-----------馬複人気順3番   開始範囲:終了範囲=0:30   倍率=1倍"
      [,1] [,2] [,3]       [,4]   [,5]       [,6] [,7] [,8] [,9]      [,10] [,11]      [,12]
 [1,]    0    0    0 0.00000000      0    0.00000    0    0    0 0.00000000     0   0.000000
 [2,]    1    0    0 0.00000000      0    0.00000    1    0    0 0.00000000     0   0.000000
 [3,]    2    0    0 0.00000000      0    0.00000    2    0    0 0.00000000     0   0.000000
 [4,]    3    0    5 0.00000000   -500 -100.00000    3    0    0 0.00000000     0   0.000000
 [5,]    4    5   50 0.10000000  -2250  -45.00000    4    2    8 0.25000000   540  67.500000
 [6,]    5   25  209 0.11961722  -7660  -36.65072    5    6   32 0.18750000    60   1.875000
 [7,]    6   56  360 0.15555556  -6510  -18.08333    6    6   55 0.10909091 -2140 -38.909091
 [8,]    7   63  440 0.14318182  -8250  -18.75000    7    7   62 0.11290323 -1860 -30.000000
 [9,]    8   61  482 0.12655602 -13610  -28.23651    8    4   67 0.05970149 -4000 -59.701493
[10,]    9   50  364 0.13736264  -6100  -16.75824    9    9   57 0.15789474   340   5.964912
[11,]   10   34  263 0.12927757  -5250  -19.96198   10    8   45 0.17777778   -70  -1.555556
[12,]   11   20  139 0.14388489  -1720  -12.37410   11    2   20 0.10000000  -960 -48.000000
[13,]   12    3   57 0.05263158  -4090  -71.75439   12    1   11 0.09090909  -430 -39.090909
[14,]   13    5   22 0.22727273    750   34.09091   13    1    6 0.16666667  -180 -30.000000
[15,]   14    0    0 0.00000000      0    0.00000   14    0    0 0.00000000     0   0.000000
[16,]   15    0    0 0.00000000      0    0.00000   15    0    0 0.00000000     0   0.000000
[17,]   16    0    0 0.00000000      0    0.00000   16    0    0 0.00000000     0   0.000000
[18,]   17    0    0 0.00000000      0    0.00000   17    0    0 0.00000000     0   0.000000
[19,]   18    0    0 0.00000000      0    0.00000   18    0    0 0.00000000     0   0.000000
[20,]   19    0    0 0.00000000      0    0.00000   19    0    0 0.00000000     0   0.000000
[21,]   20    0    0 0.00000000      0    0.00000   20    0    0 0.00000000     0   0.000000
[22,]   21    0    0 0.00000000      0    0.00000   21    0    0 0.00000000     0   0.000000
[23,]   22    0    0 0.00000000      0    0.00000   22    0    0 0.00000000     0   0.000000
[24,]   23    0    0 0.00000000      0    0.00000   23    0    0 0.00000000     0   0.000000
[25,]   24    0    0 0.00000000      0    0.00000   24    0    0 0.00000000     0   0.000000
[26,]   25    0    0 0.00000000      0    0.00000   25    0    0 0.00000000     0   0.000000
[27,]   26    0    0 0.00000000      0    0.00000   26    0    0 0.00000000     0   0.000000
[28,]   27    0    0 0.00000000      0    0.00000   27    0    0 0.00000000     0   0.000000
[29,]   28    0    0 0.00000000      0    0.00000   28    0    0 0.00000000     0   0.000000
[30,]   29    0    0 0.00000000      0    0.00000   29    0    0 0.00000000     0   0.000000
[1] -55190
[1] -8700
[1] 322
[1] 46
[1] "<-----------馬複人気順4番   開始範囲:終了範囲=0:40   倍率=1倍"
      [,1] [,2] [,3]      [,4]   [,5]        [,6] [,7] [,8] [,9]     [,10] [,11]       [,12]
 [1,]    0    0    0 0.0000000      0    0.000000    0    0    0 0.0000000     0    0.000000
 [2,]    1    0    0 0.0000000      0    0.000000    1    0    0 0.0000000     0    0.000000
 [3,]    2    0    0 0.0000000      0    0.000000    2    0    0 0.0000000     0    0.000000
 [4,]    3    0    0 0.0000000      0    0.000000    3    0    0 0.0000000     0    0.000000
 [5,]    4    0    0 0.0000000      0    0.000000    4    0    0 0.0000000     0    0.000000
 [6,]    5    0    9 0.0000000   -900 -100.000000    5    0    1 0.0000000  -100 -100.000000
 [7,]    6    6   51 0.1176471  -1760  -34.509804    6    1    7 0.1428571  -290  -41.428571
 [8,]    7   21  156 0.1346154  -4030  -25.833333    7    3   19 0.1578947   180    9.473684
 [9,]    8   47  281 0.1672598  -1790   -6.370107    8    7   43 0.1627907   -70   -1.627907
[10,]    9   50  360 0.1388889  -8370  -23.250000    9    6   54 0.1111111 -1540  -28.518519
[11,]   10   58  444 0.1306306 -10550  -23.761261   10   11   69 0.1594203   820   11.884058
[12,]   11   64  451 0.1419069  -7430  -16.474501   11    7   67 0.1044776 -3090  -46.119403
[13,]   12   46  352 0.1306818  -9340  -26.534091   12    6   54 0.1111111 -2490  -46.111111
[14,]   13   30  287 0.1045296 -11020  -38.397213   13    5   49 0.1020408 -2120  -43.265306
[15,]   14    0    0 0.0000000      0    0.000000   14    0    0 0.0000000     0    0.000000
[16,]   15    0    0 0.0000000      0    0.000000   15    0    0 0.0000000     0    0.000000
[17,]   16    0    0 0.0000000      0    0.000000   16    0    0 0.0000000     0    0.000000
[18,]   17    0    0 0.0000000      0    0.000000   17    0    0 0.0000000     0    0.000000
[19,]   18    0    0 0.0000000      0    0.000000   18    0    0 0.0000000     0    0.000000
[20,]   19    0    0 0.0000000      0    0.000000   19    0    0 0.0000000     0    0.000000
[21,]   20    0    0 0.0000000      0    0.000000   20    0    0 0.0000000     0    0.000000
[22,]   21    0    0 0.0000000      0    0.000000   21    0    0 0.0000000     0    0.000000
[23,]   22    0    0 0.0000000      0    0.000000   22    0    0 0.0000000     0    0.000000
[24,]   23    0    0 0.0000000      0    0.000000   23    0    0 0.0000000     0    0.000000
[25,]   24    0    0 0.0000000      0    0.000000   24    0    0 0.0000000     0    0.000000
[26,]   25    0    0 0.0000000      0    0.000000   25    0    0 0.0000000     0    0.000000
[27,]   26    0    0 0.0000000      0    0.000000   26    0    0 0.0000000     0    0.000000
[28,]   27    0    0 0.0000000      0    0.000000   27    0    0 0.0000000     0    0.000000
[29,]   28    0    0 0.0000000      0    0.000000   28    0    0 0.0000000     0    0.000000
[30,]   29    0    0 0.0000000      0    0.000000   29    0    0 0.0000000     0    0.000000
[31,]   30    0    0 0.0000000      0    0.000000   30    0    0 0.0000000     0    0.000000
[32,]   31    0    0 0.0000000      0    0.000000   31    0    0 0.0000000     0    0.000000
[33,]   32    0    0 0.0000000      0    0.000000   32    0    0 0.0000000     0    0.000000
[34,]   33    0    0 0.0000000      0    0.000000   33    0    0 0.0000000     0    0.000000
[35,]   34    0    0 0.0000000      0    0.000000   34    0    0 0.0000000     0    0.000000
[36,]   35    0    0 0.0000000      0    0.000000   35    0    0 0.0000000     0    0.000000
[37,]   36    0    0 0.0000000      0    0.000000   36    0    0 0.0000000     0    0.000000
[38,]   37    0    0 0.0000000      0    0.000000   37    0    0 0.0000000     0    0.000000
[39,]   38    0    0 0.0000000      0    0.000000   38    0    0 0.0000000     0    0.000000
[40,]   39    0    0 0.0000000      0    0.000000   39    0    0 0.0000000     0    0.000000
[1] -55190
[1] -8700
[1] 322
[1] 46
[1] "<-----------馬複人気順5番   開始範囲:終了範囲=0:45   倍率=1倍"
      [,1] [,2] [,3]      [,4]   [,5]        [,6] [,7] [,8] [,9]      [,10] [,11]       [,12]
 [1,]    0    0    0 0.0000000      0    0.000000    0    0    0 0.00000000     0    0.000000
 [2,]    1    0    0 0.0000000      0    0.000000    1    0    0 0.00000000     0    0.000000
 [3,]    2    0    0 0.0000000      0    0.000000    2    0    0 0.00000000     0    0.000000
 [4,]    3    0    0 0.0000000      0    0.000000    3    0    0 0.00000000     0    0.000000
 [5,]    4    0    0 0.0000000      0    0.000000    4    0    0 0.00000000     0    0.000000
 [6,]    5    0    0 0.0000000      0    0.000000    5    0    0 0.00000000     0    0.000000
 [7,]    6    0    6 0.0000000   -600 -100.000000    6    0    0 0.00000000     0    0.000000
 [8,]    7    4   16 0.2500000     10    0.625000    7    1    2 0.50000000   150   75.000000
 [9,]    8   13   61 0.2131148    920   15.081967    8    3    9 0.33333333  1240  137.777778
[10,]    9   18  129 0.1395349  -3310  -25.658915    9    2   18 0.11111111  -620  -34.444444
[11,]   10   34  219 0.1552511  -3920  -17.899543   10   10   42 0.23809524  1670   39.761905
[12,]   11   50  341 0.1466276  -6420  -18.826979   11    2   46 0.04347826 -3620  -78.695652
[13,]   12   48  401 0.1197007 -13100  -32.668329   12    9   59 0.15254237  -560   -9.491525
[14,]   13   51  400 0.1275000  -9260  -23.150000   13    8   63 0.12698413 -1780  -28.253968
[15,]   14   36  344 0.1046512 -12680  -36.860465   14    2   48 0.04166667 -3280  -68.333333
[16,]   15   29  210 0.1380952  -4410  -21.000000   15    5   32 0.15625000  -200   -6.250000
[17,]   16   18  127 0.1417323   -350   -2.755906   16    2   25 0.08000000 -1410  -56.400000
[18,]   17   15   70 0.2142857   1610   23.000000   17    2   13 0.15384615   310   23.846154
[19,]   18    3   26 0.1153846  -1280  -49.230769   18    0    2 0.00000000  -200 -100.000000
[20,]   19    3   20 0.1500000   -300  -15.000000   19    0    0 0.00000000     0    0.000000
[21,]   20    0   10 0.0000000  -1000 -100.000000   20    0    0 0.00000000     0    0.000000
[22,]   21    0    6 0.0000000   -600 -100.000000   21    0    2 0.00000000  -200 -100.000000
[23,]   22    0    1 0.0000000   -100 -100.000000   22    0    1 0.00000000  -100 -100.000000
[24,]   23    0    2 0.0000000   -200 -100.000000   23    0    0 0.00000000     0    0.000000
[25,]   24    0    1 0.0000000   -100 -100.000000   24    0    0 0.00000000     0    0.000000
[26,]   25    0    0 0.0000000      0    0.000000   25    0    0 0.00000000     0    0.000000
[27,]   26    0    0 0.0000000      0    0.000000   26    0    0 0.00000000     0    0.000000
[28,]   27    0    0 0.0000000      0    0.000000   27    0    0 0.00000000     0    0.000000
[29,]   28    0    0 0.0000000      0    0.000000   28    0    0 0.00000000     0    0.000000
[30,]   29    0    0 0.0000000      0    0.000000   29    0    0 0.00000000     0    0.000000
[31,]   30    0    1 0.0000000   -100 -100.000000   30    0    1 0.00000000  -100 -100.000000
[32,]   31    0    0 0.0000000      0    0.000000   31    0    0 0.00000000     0    0.000000
[33,]   32    0    0 0.0000000      0    0.000000   32    0    0 0.00000000     0    0.000000
[34,]   33    0    0 0.0000000      0    0.000000   33    0    0 0.00000000     0    0.000000
[35,]   34    0    0 0.0000000      0    0.000000   34    0    0 0.00000000     0    0.000000
[36,]   35    0    0 0.0000000      0    0.000000   35    0    0 0.00000000     0    0.000000
[37,]   36    0    0 0.0000000      0    0.000000   36    0    0 0.00000000     0    0.000000
[38,]   37    0    0 0.0000000      0    0.000000   37    0    0 0.00000000     0    0.000000
[39,]   38    0    0 0.0000000      0    0.000000   38    0    0 0.00000000     0    0.000000
[40,]   39    0    0 0.0000000      0    0.000000   39    0    0 0.00000000     0    0.000000
[41,]   40    0    0 0.0000000      0    0.000000   40    0    0 0.00000000     0    0.000000
[42,]   41    0    0 0.0000000      0    0.000000   41    0    0 0.00000000     0    0.000000
[43,]   42    0    0 0.0000000      0    0.000000   42    0    0 0.00000000     0    0.000000
[44,]   43    0    0 0.0000000      0    0.000000   43    0    0 0.00000000     0    0.000000
[45,]   44    0    0 0.0000000      0    0.000000   44    0    0 0.00000000     0    0.000000
[1] -55190
[1] -8700
[1] 322
[1] 46
[1] "<-----------馬複人気順6番   開始範囲:終了範囲=0:30   倍率=2倍"
      [,1] [,2] [,3]      [,4]   [,5]        [,6] [,7] [,8] [,9]      [,10] [,11]       [,12]
 [1,]    0    0    0 0.0000000      0    0.000000    0    0    0 0.00000000     0    0.000000
 [2,]    1    0    0 0.0000000      0    0.000000    1    0    0 0.00000000     0    0.000000
 [3,]    2    0    0 0.0000000      0    0.000000    2    0    0 0.00000000     0    0.000000
 [4,]    3    1    5 0.2000000   -150  -30.000000    3    1    1 1.00000000   250  250.000000
 [5,]    4    6   39 0.1538462   -800  -20.512821    4    1    2 0.50000000   670  335.000000
 [6,]    5   31  181 0.1712707  -1120   -6.187845    5    5   30 0.16666667  -100   -3.333333
 [7,]    6   58  448 0.1294643 -13310  -29.709821    6   12   67 0.17910448   480    7.164179
 [8,]    7   94  682 0.1378299 -15310  -22.448680    7   14  113 0.12389381 -2430  -21.504425
 [9,]    8   55  516 0.1065891 -17960  -34.806202    8    4   77 0.05194805 -4920  -63.896104
[10,]    9   42  291 0.1443299  -4130  -14.192440    9    4   30 0.13333333  -920  -30.666667
[11,]   10   19  133 0.1428571  -2880  -21.654135   10    3   20 0.15000000  -500  -25.000000
[12,]   11   12   67 0.1791045   1140   17.014925   11    2   15 0.13333333  -430  -28.666667
[13,]   12    1   16 0.0625000  -1230  -76.875000   12    0    6 0.00000000  -600 -100.000000
[14,]   13    2    8 0.2500000    300   37.500000   13    0    0 0.00000000     0    0.000000
[15,]   14    1    4 0.2500000    360   90.000000   14    0    1 0.00000000  -100 -100.000000
[16,]   15    0    1 0.0000000   -100 -100.000000   15    0    1 0.00000000  -100 -100.000000
[17,]   16    0    0 0.0000000      0    0.000000   16    0    0 0.00000000     0    0.000000
[18,]   17    0    0 0.0000000      0    0.000000   17    0    0 0.00000000     0    0.000000
[19,]   18    0    0 0.0000000      0    0.000000   18    0    0 0.00000000     0    0.000000
[20,]   19    0    0 0.0000000      0    0.000000   19    0    0 0.00000000     0    0.000000
[21,]   20    0    0 0.0000000      0    0.000000   20    0    0 0.00000000     0    0.000000
[22,]   21    0    0 0.0000000      0    0.000000   21    0    0 0.00000000     0    0.000000
[23,]   22    0    0 0.0000000      0    0.000000   22    0    0 0.00000000     0    0.000000
[24,]   23    0    0 0.0000000      0    0.000000   23    0    0 0.00000000     0    0.000000
[25,]   24    0    0 0.0000000      0    0.000000   24    0    0 0.00000000     0    0.000000
[26,]   25    0    0 0.0000000      0    0.000000   25    0    0 0.00000000     0    0.000000
[27,]   26    0    0 0.0000000      0    0.000000   26    0    0 0.00000000     0    0.000000
[28,]   27    0    0 0.0000000      0    0.000000   27    0    0 0.00000000     0    0.000000
[29,]   28    0    0 0.0000000      0    0.000000   28    0    0 0.00000000     0    0.000000
[30,]   29    0    0 0.0000000      0    0.000000   29    0    0 0.00000000     0    0.000000
[1] -55190
[1] -8700
[1] 322
[1] 46
[1] "<-----------馬複人気順7番   開始範囲:終了範囲=0:40   倍率=2倍"
      [,1] [,2] [,3]       [,4]   [,5]       [,6] [,7] [,8] [,9]     [,10] [,11]       [,12]
 [1,]    0    0    0 0.00000000      0    0.00000    0    0    0 0.0000000     0    0.000000
 [2,]    1    0    0 0.00000000      0    0.00000    1    0    0 0.0000000     0    0.000000
 [3,]    2    0    0 0.00000000      0    0.00000    2    0    0 0.0000000     0    0.000000
 [4,]    3    0    0 0.00000000      0    0.00000    3    0    0 0.0000000     0    0.000000
 [5,]    4    0    2 0.00000000   -200 -100.00000    4    0    0 0.0000000     0    0.000000
 [6,]    5    9   37 0.24324324   1650   44.59459    5    1    5 0.2000000   370   74.000000
 [7,]    6   20  145 0.13793103  -3860  -26.62069    6    3   22 0.1363636  -640  -29.090909
 [8,]    7   55  357 0.15406162  -4760  -13.33333    7   11   67 0.1641791  -270   -4.029851
 [9,]    8   72  555 0.12972973 -16470  -29.67568    8    8   72 0.1111111 -1510  -20.972222
[10,]    9   71  533 0.13320826 -12610  -23.65854    9    9   78 0.1153846 -2870  -36.794872
[11,]   10   36  324 0.11111111 -11270  -34.78395   10    3   40 0.0750000 -2570  -64.250000
[12,]   11   21  213 0.09859155  -9700  -45.53991   11    9   43 0.2093023   910   21.162791
[13,]   12   13   98 0.13265306  -1680  -17.14286   12    0   21 0.0000000 -2100 -100.000000
[14,]   13   16   60 0.26666667   4610   76.83333   13    2    9 0.2222222   580   64.444444
[15,]   14    4   34 0.11764706   -730  -21.47059   14    0    4 0.0000000  -400 -100.000000
[16,]   15    1   19 0.05263158  -1190  -62.63158   15    0    1 0.0000000  -100 -100.000000
[17,]   16    2    9 0.22222222    460   51.11111   16    0    1 0.0000000  -100 -100.000000
[18,]   17    0    3 0.00000000   -300 -100.00000   17    0    0 0.0000000     0    0.000000
[19,]   18    2    2 1.00000000    860  430.00000   18    0    0 0.0000000     0    0.000000
[20,]   19    0    0 0.00000000      0    0.00000   19    0    0 0.0000000     0    0.000000
[21,]   20    0    0 0.00000000      0    0.00000   20    0    0 0.0000000     0    0.000000
[22,]   21    0    0 0.00000000      0    0.00000   21    0    0 0.0000000     0    0.000000
[23,]   22    0    0 0.00000000      0    0.00000   22    0    0 0.0000000     0    0.000000
[24,]   23    0    0 0.00000000      0    0.00000   23    0    0 0.0000000     0    0.000000
[25,]   24    0    0 0.00000000      0    0.00000   24    0    0 0.0000000     0    0.000000
[26,]   25    0    0 0.00000000      0    0.00000   25    0    0 0.0000000     0    0.000000
[27,]   26    0    0 0.00000000      0    0.00000   26    0    0 0.0000000     0    0.000000
[28,]   27    0    0 0.00000000      0    0.00000   27    0    0 0.0000000     0    0.000000
[29,]   28    0    0 0.00000000      0    0.00000   28    0    0 0.0000000     0    0.000000
[30,]   29    0    0 0.00000000      0    0.00000   29    0    0 0.0000000     0    0.000000
[31,]   30    0    0 0.00000000      0    0.00000   30    0    0 0.0000000     0    0.000000
[32,]   31    0    0 0.00000000      0    0.00000   31    0    0 0.0000000     0    0.000000
[33,]   32    0    0 0.00000000      0    0.00000   32    0    0 0.0000000     0    0.000000
[34,]   33    0    0 0.00000000      0    0.00000   33    0    0 0.0000000     0    0.000000
[35,]   34    0    0 0.00000000      0    0.00000   34    0    0 0.0000000     0    0.000000
[36,]   35    0    0 0.00000000      0    0.00000   35    0    0 0.0000000     0    0.000000
[37,]   36    0    0 0.00000000      0    0.00000   36    0    0 0.0000000     0    0.000000
[38,]   37    0    0 0.00000000      0    0.00000   37    0    0 0.0000000     0    0.000000
[39,]   38    0    0 0.00000000      0    0.00000   38    0    0 0.0000000     0    0.000000
[40,]   39    0    0 0.00000000      0    0.00000   39    0    0 0.0000000     0    0.000000
[1] -55190
[1] -8700
[1] 322
[1] 46
[1] "<-----------馬複人気順8番   開始範囲:終了範囲=0:40   倍率=2倍"
      [,1] [,2] [,3]       [,4]   [,5]       [,6] [,7] [,8] [,9]      [,10] [,11]       [,12]
 [1,]    0    0    0 0.00000000      0    0.00000    0    0    0 0.00000000     0    0.000000
 [2,]    1    0    0 0.00000000      0    0.00000    1    0    0 0.00000000     0    0.000000
 [3,]    2    0    0 0.00000000      0    0.00000    2    0    0 0.00000000     0    0.000000
 [4,]    3    0    0 0.00000000      0    0.00000    3    0    0 0.00000000     0    0.000000
 [5,]    4    0    1 0.00000000   -100 -100.00000    4    0    0 0.00000000     0    0.000000
 [6,]    5    2    9 0.22222222   -100  -11.11111    5    0    0 0.00000000     0    0.000000
 [7,]    6    9   42 0.21428571   1150   27.38095    6    1    8 0.12500000  -200  -25.000000
 [8,]    7   21  132 0.15909091  -2320  -17.57576    7    3   22 0.13636364  -600  -27.272727
 [9,]    8   40  283 0.14134276  -7510  -26.53710    8    6   47 0.12765957 -1550  -32.978723
[10,]    9   64  447 0.14317673  -9570  -21.40940    9   11   75 0.14666667  -840  -11.200000
[11,]   10   55  478 0.11506276 -15060  -31.50628   10    5   64 0.07812500 -3830  -59.843750
[12,]   11   45  362 0.12430939  -9990  -27.59669   11    8   51 0.15686275  -240   -4.705882
[13,]   12   30  238 0.12605042  -7890  -33.15126   12    6   39 0.15384615  -250   -6.410256
[14,]   13   14  146 0.09589041  -3380  -23.15068   13    2   26 0.07692308 -1260  -48.461538
[15,]   14   15  104 0.14423077  -3040  -29.23077   14    1   13 0.07692308  -810  -62.307692
[16,]   15    9   68 0.13235294      0    0.00000   15    3    8 0.37500000  1880  235.000000
[17,]   16    8   44 0.18181818    440   10.00000   16    0    5 0.00000000  -500 -100.000000
[18,]   17    0   11 0.00000000  -1100 -100.00000   17    0    2 0.00000000  -200 -100.000000
[19,]   18    6   14 0.42857143   1920  137.14286   18    0    1 0.00000000  -100 -100.000000
[20,]   19    4    9 0.44444444   1660  184.44444   19    0    1 0.00000000  -100 -100.000000
[21,]   20    0    2 0.00000000   -200 -100.00000   20    0    1 0.00000000  -100 -100.000000
[22,]   21    0    1 0.00000000   -100 -100.00000   21    0    0 0.00000000     0    0.000000
[23,]   22    0    0 0.00000000      0    0.00000   22    0    0 0.00000000     0    0.000000
[24,]   23    0    0 0.00000000      0    0.00000   23    0    0 0.00000000     0    0.000000
[25,]   24    0    0 0.00000000      0    0.00000   24    0    0 0.00000000     0    0.000000
[26,]   25    0    0 0.00000000      0    0.00000   25    0    0 0.00000000     0    0.000000
[27,]   26    0    0 0.00000000      0    0.00000   26    0    0 0.00000000     0    0.000000
[28,]   27    0    0 0.00000000      0    0.00000   27    0    0 0.00000000     0    0.000000
[29,]   28    0    0 0.00000000      0    0.00000   28    0    0 0.00000000     0    0.000000
[30,]   29    0    0 0.00000000      0    0.00000   29    0    0 0.00000000     0    0.000000
[31,]   30    0    0 0.00000000      0    0.00000   30    0    0 0.00000000     0    0.000000
[32,]   31    0    0 0.00000000      0    0.00000   31    0    0 0.00000000     0    0.000000
[33,]   32    0    0 0.00000000      0    0.00000   32    0    0 0.00000000     0    0.000000
[34,]   33    0    0 0.00000000      0    0.00000   33    0    0 0.00000000     0    0.000000
[35,]   34    0    0 0.00000000      0    0.00000   34    0    0 0.00000000     0    0.000000
[36,]   35    0    0 0.00000000      0    0.00000   35    0    0 0.00000000     0    0.000000
[37,]   36    0    0 0.00000000      0    0.00000   36    0    0 0.00000000     0    0.000000
[38,]   37    0    0 0.00000000      0    0.00000   37    0    0 0.00000000     0    0.000000
[39,]   38    0    0 0.00000000      0    0.00000   38    0    0 0.00000000     0    0.000000
[40,]   39    0    0 0.00000000      0    0.00000   39    0    0 0.00000000     0    0.000000
[1] -55190
[1] -8700
[1] 322
[1] 46
[1] "<-----------馬複人気順9番   開始範囲:終了範囲=0:35   倍率=4倍"
      [,1] [,2] [,3]      [,4]   [,5]       [,6] [,7] [,8] [,9]      [,10] [,11]      [,12]
 [1,]    0    0    0 0.0000000      0    0.00000    0    0    0 0.00000000     0    0.00000
 [2,]    1    0    0 0.0000000      0    0.00000    1    0    0 0.00000000     0    0.00000
 [3,]    2    0    4 0.0000000   -400 -100.00000    2    0    0 0.00000000     0    0.00000
 [4,]    3   10   48 0.2083333     90    1.87500    3    0    5 0.00000000  -500 -100.00000
 [5,]    4   59  397 0.1486146  -7860  -19.79849    4   10   70 0.14285714 -1060  -15.14286
 [6,]    5  104  763 0.1363041 -17940  -23.51245    5   20  121 0.16528926 -1280  -10.57851
 [7,]    6   72  584 0.1232877 -14590  -24.98288    6    7   80 0.08750000 -3740  -46.75000
 [8,]    7   37  327 0.1131498 -10350  -31.65138    7    5   53 0.09433962 -1540  -29.05660
 [9,]    8   20  157 0.1273885  -5660  -36.05096    8    2   16 0.12500000  -390  -24.37500
[10,]    9    8   64 0.1250000  -1100  -17.18750    9    1    8 0.12500000  -180  -22.50000
[11,]   10   12   47 0.2553191   2620   55.74468   10    1   10 0.10000000   -10   -1.00000
[12,]   11    0    0 0.0000000      0    0.00000   11    0    0 0.00000000     0    0.00000
[13,]   12    0    0 0.0000000      0    0.00000   12    0    0 0.00000000     0    0.00000
[14,]   13    0    0 0.0000000      0    0.00000   13    0    0 0.00000000     0    0.00000
[15,]   14    0    0 0.0000000      0    0.00000   14    0    0 0.00000000     0    0.00000
[16,]   15    0    0 0.0000000      0    0.00000   15    0    0 0.00000000     0    0.00000
[17,]   16    0    0 0.0000000      0    0.00000   16    0    0 0.00000000     0    0.00000
[18,]   17    0    0 0.0000000      0    0.00000   17    0    0 0.00000000     0    0.00000
[19,]   18    0    0 0.0000000      0    0.00000   18    0    0 0.00000000     0    0.00000
[20,]   19    0    0 0.0000000      0    0.00000   19    0    0 0.00000000     0    0.00000
[21,]   20    0    0 0.0000000      0    0.00000   20    0    0 0.00000000     0    0.00000
[22,]   21    0    0 0.0000000      0    0.00000   21    0    0 0.00000000     0    0.00000
[23,]   22    0    0 0.0000000      0    0.00000   22    0    0 0.00000000     0    0.00000
[24,]   23    0    0 0.0000000      0    0.00000   23    0    0 0.00000000     0    0.00000
[25,]   24    0    0 0.0000000      0    0.00000   24    0    0 0.00000000     0    0.00000
[26,]   25    0    0 0.0000000      0    0.00000   25    0    0 0.00000000     0    0.00000
[27,]   26    0    0 0.0000000      0    0.00000   26    0    0 0.00000000     0    0.00000
[28,]   27    0    0 0.0000000      0    0.00000   27    0    0 0.00000000     0    0.00000
[29,]   28    0    0 0.0000000      0    0.00000   28    0    0 0.00000000     0    0.00000
[30,]   29    0    0 0.0000000      0    0.00000   29    0    0 0.00000000     0    0.00000
[31,]   30    0    0 0.0000000      0    0.00000   30    0    0 0.00000000     0    0.00000
[32,]   31    0    0 0.0000000      0    0.00000   31    0    0 0.00000000     0    0.00000
[33,]   32    0    0 0.0000000      0    0.00000   32    0    0 0.00000000     0    0.00000
[34,]   33    0    0 0.0000000      0    0.00000   33    0    0 0.00000000     0    0.00000
[35,]   34    0    0 0.0000000      0    0.00000   34    0    0 0.00000000     0    0.00000
[1] -55190
[1] -8700
[1] 322
[1] 46
[1] "<-----------馬複人気順10番   開始範囲:終了範囲=0:30   倍率=4倍"
      [,1] [,2] [,3]      [,4]   [,5]       [,6] [,7] [,8] [,9]      [,10] [,11]       [,12]
 [1,]    0    0    0 0.0000000      0    0.00000    0    0    0 0.00000000     0    0.000000
 [2,]    1    0    0 0.0000000      0    0.00000    1    0    0 0.00000000     0    0.000000
 [3,]    2    0    1 0.0000000   -100 -100.00000    2    0    0 0.00000000     0    0.000000
 [4,]    3    5   16 0.3125000    920   57.50000    3    0    1 0.00000000  -100 -100.000000
 [5,]    4   22  173 0.1271676  -6100  -35.26012    4    5   34 0.14705882  -630  -18.529412
 [6,]    5   77  470 0.1638298  -4970  -10.57447    5   14   74 0.18918919  -160   -2.162162
 [7,]    6   88  663 0.1327300 -18020  -27.17949    6   11   98 0.11224490 -3670  -37.448980
 [8,]    7   52  471 0.1104034 -14630  -31.06157    7    7   72 0.09722222 -2230  -30.972222
 [9,]    8   40  282 0.1418440  -4420  -15.67376    8    4   40 0.10000000 -1540  -38.500000
[10,]    9   13  142 0.0915493  -6120  -43.09859    9    1   21 0.04761905 -1410  -67.142857
[11,]   10    9   78 0.1153846  -1910  -24.48718   10    2   11 0.18181818   630   57.272727
[12,]   11    5   38 0.1315789  -1150  -30.26316   11    0    3 0.00000000  -300 -100.000000
[13,]   12    3   18 0.1666667   -230  -12.77778   12    1    4 0.25000000   220   55.000000
[14,]   13    2   13 0.1538462    270   20.76923   13    0    1 0.00000000  -100 -100.000000
[15,]   14    2    6 0.3333333    760  126.66667   14    0    0 0.00000000     0    0.000000
[16,]   15    4   13 0.3076923   1210   93.07692   15    1    4 0.25000000   590  147.500000
[17,]   16    0    4 0.0000000   -400 -100.00000   16    0    0 0.00000000     0    0.000000
[18,]   17    0    1 0.0000000   -100 -100.00000   17    0    0 0.00000000     0    0.000000
[19,]   18    0    0 0.0000000      0    0.00000   18    0    0 0.00000000     0    0.000000
[20,]   19    0    1 0.0000000   -100 -100.00000   19    0    0 0.00000000     0    0.000000
[21,]   20    0    1 0.0000000   -100 -100.00000   20    0    0 0.00000000     0    0.000000
[22,]   21    0    0 0.0000000      0    0.00000   21    0    0 0.00000000     0    0.000000
[23,]   22    0    0 0.0000000      0    0.00000   22    0    0 0.00000000     0    0.000000
[24,]   23    0    0 0.0000000      0    0.00000   23    0    0 0.00000000     0    0.000000
[25,]   24    0    0 0.0000000      0    0.00000   24    0    0 0.00000000     0    0.000000
[26,]   25    0    0 0.0000000      0    0.00000   25    0    0 0.00000000     0    0.000000
[27,]   26    0    0 0.0000000      0    0.00000   26    0    0 0.00000000     0    0.000000
[28,]   27    0    0 0.0000000      0    0.00000   27    0    0 0.00000000     0    0.000000
[29,]   28    0    0 0.0000000      0    0.00000   28    0    0 0.00000000     0    0.000000
[30,]   29    0    0 0.0000000      0    0.00000   29    0    0 0.00000000     0    0.000000
[1] -55190
[1] -8700
[1] 322
