[1] "Ro—Í\\20170422_UmahukuIkajo14_29_.txt"
[1] "<-----------10ˆÈ‰º"
      [,1] [,2] [,3]       [,4]    [,5]        [,6]
 [1,]    0    9   38 0.23684211  -11810  -310.78947
 [2,]    1   39  208 0.18750000  -71030  -341.49038
 [3,]    2   86  499 0.17234469 -197630  -396.05210
 [4,]    3  125 1269 0.09850276 -836020  -658.80221
 [5,]    4   57  656 0.08689024 -412560  -628.90244
 [6,]    5    9  168 0.05357143 -168760 -1004.52381
 [7,]    6    5   39 0.12820513    -380    -9.74359
 [8,]    7    0    0 0.00000000       0     0.00000
 [9,]    8    0    0 0.00000000       0     0.00000
[10,]    9    0    0 0.00000000       0     0.00000
[11,]   10    0    0 0.00000000       0     0.00000
[12,]   11    0    0 0.00000000       0     0.00000
[13,]   12    0    0 0.00000000       0     0.00000
[14,]   13    0    0 0.00000000       0     0.00000
[15,]   14    0    0 0.00000000       0     0.00000
[16,]   15    0    0 0.00000000       0     0.00000
[17,]   16    0    0 0.00000000       0     0.00000
[18,]   17    0    0 0.00000000       0     0.00000
[19,]   18    0    0 0.00000000       0     0.00000
[20,]   19    0    0 0.00000000       0     0.00000
[21,]   20    0    0 0.00000000       0     0.00000
[22,]   21    0    0 0.00000000       0     0.00000
[23,]   22    0    0 0.00000000       0     0.00000
[24,]   23    0    0 0.00000000       0     0.00000
[25,]   24    0    0 0.00000000       0     0.00000
[26,]   25    0    0 0.00000000       0     0.00000
[27,]   26    0    0 0.00000000       0     0.00000
[28,]   27    0    0 0.00000000       0     0.00000
[29,]   28    0    0 0.00000000       0     0.00000
[30,]   29    0    0 0.00000000       0     0.00000
[31,]   30    0    0 0.00000000       0     0.00000
[1] -1698190
[1] "<-----------10ˆÈã20ˆÈ‰º"
      [,1] [,2] [,3]       [,4]    [,5]       [,6]
 [1,]    0    4   60 0.06666667  -51810  -863.5000
 [2,]    1   11  209 0.05263158 -205470  -983.1100
 [3,]    2   31  467 0.06638116 -397980  -852.2056
 [4,]    3   49  595 0.08235294 -432520  -726.9244
 [5,]    4   80  609 0.13136289 -265210  -435.4844
 [6,]    5   75  487 0.15400411 -222470  -456.8172
 [7,]    6   38  252 0.15079365  -92880  -368.5714
 [8,]    7   22  103 0.21359223  -30220  -293.3981
 [9,]    8   15   63 0.23809524    8530   135.3968
[10,]    9    3   19 0.15789474    2540   133.6842
[11,]   10    0    9 0.00000000  -12600 -1400.0000
[12,]   11    2    4 0.50000000    1900   475.0000
[13,]   12    0    0 0.00000000       0     0.0000
[14,]   13    0    0 0.00000000       0     0.0000
[15,]   14    0    0 0.00000000       0     0.0000
[16,]   15    0    0 0.00000000       0     0.0000
[17,]   16    0    0 0.00000000       0     0.0000
[18,]   17    0    0 0.00000000       0     0.0000
[19,]   18    0    0 0.00000000       0     0.0000
[20,]   19    0    0 0.00000000       0     0.0000
[21,]   20    0    0 0.00000000       0     0.0000
[22,]   21    0    0 0.00000000       0     0.0000
[23,]   22    0    0 0.00000000       0     0.0000
[24,]   23    0    0 0.00000000       0     0.0000
[25,]   24    0    0 0.00000000       0     0.0000
[26,]   25    0    0 0.00000000       0     0.0000
[27,]   26    0    0 0.00000000       0     0.0000
[28,]   27    0    0 0.00000000       0     0.0000
[29,]   28    0    0 0.00000000       0     0.0000
[30,]   29    0    0 0.00000000       0     0.0000
[31,]   30    0    0 0.00000000       0     0.0000
[1] -1698190
[1] "<-----------20ˆÈã30ˆÈ‰º"
      [,1] [,2] [,3]       [,4]    [,5]         [,6]
 [1,]    0    7  165 0.04242424 -162480  -984.727273
 [2,]    1   34  470 0.07234043 -323340  -687.957447
 [3,]    2   42  627 0.06698565 -553010  -881.993620
 [4,]    3   65  588 0.11054422 -325380  -553.367347
 [5,]    4   60  434 0.13824885 -167760  -386.543779
 [6,]    5   49  294 0.16666667 -101040  -343.673469
 [7,]    6   31  167 0.18562874  -76130  -455.868263
 [8,]    7   23   78 0.29487179    3280    42.051282
 [9,]    8   13   33 0.39393939   11590   351.212121
[10,]    9    5   15 0.33333333      20     1.333333
[11,]   10    0    3 0.00000000   -4200 -1400.000000
[12,]   11    0    1 0.00000000   -1400 -1400.000000
[13,]   12    0    1 0.00000000   -1400 -1400.000000
[14,]   13    1    1 1.00000000    3060  3060.000000
[15,]   14    0    0 0.00000000       0     0.000000
[16,]   15    0    0 0.00000000       0     0.000000
[17,]   16    0    0 0.00000000       0     0.000000
[18,]   17    0    0 0.00000000       0     0.000000
[19,]   18    0    0 0.00000000       0     0.000000
[20,]   19    0    0 0.00000000       0     0.000000
[21,]   20    0    0 0.00000000       0     0.000000
[22,]   21    0    0 0.00000000       0     0.000000
[23,]   22    0    0 0.00000000       0     0.000000
[24,]   23    0    0 0.00000000       0     0.000000
[25,]   24    0    0 0.00000000       0     0.000000
[26,]   25    0    0 0.00000000       0     0.000000
[27,]   26    0    0 0.00000000       0     0.000000
[28,]   27    0    0 0.00000000       0     0.000000
[29,]   28    0    0 0.00000000       0     0.000000
[30,]   29    0    0 0.00000000       0     0.000000
[31,]   30    0    0 0.00000000       0     0.000000
[1] -1698190
[1] "<-----------30ˆÈã50ˆÈ‰º"
      [,1] [,2] [,3]       [,4]    [,5]        [,6]
 [1,]    0    3   74 0.04054054  -61860  -835.94595
 [2,]    1    5  175 0.02857143 -173970  -994.11429
 [3,]    2   24  356 0.06741573 -264320  -742.47191
 [4,]    3   34  436 0.07798165 -291170  -667.82110
 [5,]    4   40  464 0.08620690 -320690  -691.14224
 [6,]    5   55  425 0.12941176 -252310  -593.67059
 [7,]    6   40  317 0.12618297 -177760  -560.75710
 [8,]    7   45  237 0.18987342  -55530  -234.30380
 [9,]    8   37  177 0.20903955  -32540  -183.84181
[10,]    9   21   88 0.23863636   -8540   -97.04545
[11,]   10   13   64 0.20312500  -29360  -458.75000
[12,]   11    5   27 0.18518519  -13070  -484.07407
[13,]   12    6   20 0.30000000   -1720   -86.00000
[14,]   13    1    6 0.16666667   -5550  -925.00000
[15,]   14    1    9 0.11111111   -7000  -777.77778
[16,]   15    0    1 0.00000000   -1400 -1400.00000
[17,]   16    0    0 0.00000000       0     0.00000
[18,]   17    0    1 0.00000000   -1400 -1400.00000
[19,]   18    0    0 0.00000000       0     0.00000
[20,]   19    0    0 0.00000000       0     0.00000
[21,]   20    0    0 0.00000000       0     0.00000
[22,]   21    0    0 0.00000000       0     0.00000
[23,]   22    0    0 0.00000000       0     0.00000
[24,]   23    0    0 0.00000000       0     0.00000
[25,]   24    0    0 0.00000000       0     0.00000
[26,]   25    0    0 0.00000000       0     0.00000
[27,]   26    0    0 0.00000000       0     0.00000
[28,]   27    0    0 0.00000000       0     0.00000
[29,]   28    0    0 0.00000000       0     0.00000
[30,]   29    0    0 0.00000000       0     0.00000
[31,]   30    0    0 0.00000000       0     0.00000
[1] -1698190
[1] "<-----------50ˆÈã100ˆÈ‰º"
      [,1] [,2] [,3]       [,4]    [,5]         [,6]
 [1,]    0    1   28 0.03571429  -19510  -696.785714
 [2,]    1    3   53 0.05660377  -46320  -873.962264
 [3,]    2    7  106 0.06603774 -114010 -1075.566038
 [4,]    3    8  210 0.03809524 -188780  -898.952381
 [5,]    4   20  283 0.07067138 -231880  -819.363958
 [6,]    5   29  386 0.07512953 -292890  -758.782383
 [7,]    6   26  325 0.08000000 -254220  -782.215385
 [8,]    7   30  312 0.09615385 -206700  -662.500000
 [9,]    8   29  274 0.10583942 -176040  -642.481752
[10,]    9   42  272 0.15441176 -125140  -460.073529
[11,]   10   44  197 0.22335025   -1420    -7.208122
[12,]   11   34  161 0.21118012   -5330   -33.105590
[13,]   12   23  118 0.19491525  -31680  -268.474576
[14,]   13   17   75 0.22666667   -2430   -32.400000
[15,]   14    8   48 0.16666667  -24530  -511.041667
[16,]   15    6   17 0.35294118   20240  1190.588235
[17,]   16    3    8 0.37500000    8050  1006.250000
[18,]   17    0    4 0.00000000   -5600 -1400.000000
[19,]   18    0    0 0.00000000       0     0.000000
[20,]   19    0    0 0.00000000       0     0.000000
[21,]   20    0    0 0.00000000       0     0.000000
[22,]   21    0    0 0.00000000       0     0.000000
[23,]   22    0    0 0.00000000       0     0.000000
[24,]   23    0    0 0.00000000       0     0.000000
[25,]   24    0    0 0.00000000       0     0.000000
[26,]   25    0    0 0.00000000       0     0.000000
[27,]   26    0    0 0.00000000       0     0.000000
[28,]   27    0    0 0.00000000       0     0.000000
[29,]   28    0    0 0.00000000       0     0.000000
[30,]   29    0    0 0.00000000       0     0.000000
[31,]   30    0    0 0.00000000       0     0.000000
[1] -1698190
[1] "<-----------100ˆÈã200ˆÈ‰º"
      [,1] [,2] [,3]       [,4]    [,5]       [,6]
 [1,]    0   97  400 0.24250000  -69820  -174.5500
 [2,]    1   23  148 0.15540541  -69090  -466.8243
 [3,]    2   23  206 0.11165049 -153370  -744.5146
 [4,]    3   30  289 0.10380623 -148160  -512.6644
 [5,]    4   31  299 0.10367893 -158350  -529.5987
 [6,]    5   32  386 0.08290155 -287100  -743.7824
 [7,]    6   29  383 0.07571802 -292530  -763.7859
 [8,]    7   32  282 0.11347518 -125180  -443.9007
 [9,]    8   10  206 0.04854369 -213510 -1036.4563
[10,]    9   11  152 0.07236842 -114180  -751.1842
[11,]   10    6   71 0.08450704  -28390  -399.8592
[12,]   11    3   30 0.10000000  -18230  -607.6667
[13,]   12    2   16 0.12500000  -13150  -821.8750
[14,]   13    1    9 0.11111111   -7130  -792.2222
[15,]   14    0    0 0.00000000       0     0.0000
[16,]   15    0    0 0.00000000       0     0.0000
[17,]   16    0    0 0.00000000       0     0.0000
[18,]   17    0    0 0.00000000       0     0.0000
[19,]   18    0    0 0.00000000       0     0.0000
[20,]   19    0    0 0.00000000       0     0.0000
[21,]   20    0    0 0.00000000       0     0.0000
[22,]   21    0    0 0.00000000       0     0.0000
[23,]   22    0    0 0.00000000       0     0.0000
[24,]   23    0    0 0.00000000       0     0.0000
[25,]   24    0    0 0.00000000       0     0.0000
[26,]   25    0    0 0.00000000       0     0.0000
[27,]   26    0    0 0.00000000       0     0.0000
[28,]   27    0    0 0.00000000       0     0.0000
[29,]   28    0    0 0.00000000       0     0.0000
[30,]   29    0    0 0.00000000       0     0.0000
[31,]   30    0    0 0.00000000       0     0.0000
[1] -1698190
[1] "<-----------200ˆÈã300ˆÈ‰º"
      [,1] [,2] [,3]       [,4]    [,5]       [,6]
 [1,]    0  259 1469 0.17631042 -486300  -331.0415
 [2,]    1   15  262 0.05725191 -249440  -952.0611
 [3,]    2   27  352 0.07670455 -150420  -427.3295
 [4,]    3    9  309 0.02912621 -338370 -1095.0485
 [5,]    4   12  230 0.05217391 -214870  -934.2174
 [6,]    5    7  142 0.04929577 -108440  -763.6620
 [7,]    6    1   68 0.01470588  -87350 -1284.5588
 [8,]    7    0   35 0.00000000  -49000 -1400.0000
 [9,]    8    0    7 0.00000000   -9800 -1400.0000
[10,]    9    0    3 0.00000000   -4200 -1400.0000
[11,]   10    0    0 0.00000000       0     0.0000
[12,]   11    0    0 0.00000000       0     0.0000
[13,]   12    0    0 0.00000000       0     0.0000
[14,]   13    0    0 0.00000000       0     0.0000
[15,]   14    0    0 0.00000000       0     0.0000
[16,]   15    0    0 0.00000000       0     0.0000
[17,]   16    0    0 0.00000000       0     0.0000
[18,]   17    0    0 0.00000000       0     0.0000
[19,]   18    0    0 0.00000000       0     0.0000
[20,]   19    0    0 0.00000000       0     0.0000
[21,]   20    0    0 0.00000000       0     0.0000
[22,]   21    0    0 0.00000000       0     0.0000
[23,]   22    0    0 0.00000000       0     0.0000
[24,]   23    0    0 0.00000000       0     0.0000
[25,]   24    0    0 0.00000000       0     0.0000
[26,]   25    0    0 0.00000000       0     0.0000
[27,]   26    0    0 0.00000000       0     0.0000
[28,]   27    0    0 0.00000000       0     0.0000
[29,]   28    0    0 0.00000000       0     0.0000
[30,]   29    0    0 0.00000000       0     0.0000
[31,]   30    0    0 0.00000000       0     0.0000
[1] -1698190
[1] "<-----------300ˆÈã"
      [,1] [,2] [,3]       [,4]    [,5]       [,6]
 [1,]    0  297 1919 0.15476811 -805670  -419.8385
 [2,]    1    8  135 0.05925926 -103020  -763.1111
 [3,]    2    4  120 0.03333333 -141790 -1181.5833
 [4,]    3    4  118 0.03389831 -113360  -960.6780
 [5,]    4    5  125 0.04000000  -97550  -780.4000
 [6,]    5    4  100 0.04000000  -89930  -899.3000
 [7,]    6    2   91 0.02197802  -99330 -1091.5385
 [8,]    7    3   82 0.03658537  -48030  -585.7317
 [9,]    8    3   58 0.05172414  -18910  -326.0345
[10,]    9    0   45 0.00000000  -63000 -1400.0000
[11,]   10    0   39 0.00000000  -54600 -1400.0000
[12,]   11    0   18 0.00000000  -25200 -1400.0000
[13,]   12    0   14 0.00000000  -19600 -1400.0000
[14,]   13    0    6 0.00000000   -8400 -1400.0000
[15,]   14    0    6 0.00000000   -8400 -1400.0000
[16,]   15    0    1 0.00000000   -1400 -1400.0000
[17,]   16    0    0 0.00000000       0     0.0000
[18,]   17    0    0 0.00000000       0     0.0000
[19,]   18    0    0 0.00000000       0     0.0000
[20,]   19    0    0 0.00000000       0     0.0000
[21,]   20    0    0 0.00000000       0     0.0000
[22,]   21    0    0 0.00000000       0     0.0000
[23,]   22    0    0 0.00000000       0     0.0000
[24,]   23    0    0 0.00000000       0     0.0000
[25,]   24    0    0 0.00000000       0     0.0000
[26,]   25    0    0 0.00000000       0     0.0000
[27,]   26    0    0 0.00000000       0     0.0000
[28,]   27    0    0 0.00000000       0     0.0000
[29,]   28    0    0 0.00000000       0     0.0000
[30,]   29    0    0 0.00000000       0     0.0000
[31,]   30    0    0 0.00000000       0     0.0000
[1] -1698190
[1] "<-----------0"
      [,1] [,2] [,3]       [,4]     [,5]       [,6]
 [1,]    0  313 2362 0.13251482 -1174850  -497.3963
 [2,]    1    0    0 0.00000000        0     0.0000
 [3,]    2   14  340 0.04117647  -306300  -900.8824
 [4,]    3    0    3 0.00000000    -4200 -1400.0000
 [5,]    4    0    4 0.00000000    -5600 -1400.0000
 [6,]    5    0    0 0.00000000        0     0.0000
 [7,]    6    0    0 0.00000000        0     0.0000
 [8,]    7    0    0 0.00000000        0     0.0000
 [9,]    8    0    0 0.00000000        0     0.0000
[10,]    9    2  118 0.01694915  -150030 -1271.4407
[11,]   10    0    0 0.00000000        0     0.0000
[12,]   11    0    0 0.00000000        0     0.0000
[13,]   12    0    0 0.00000000        0     0.0000
[14,]   13    0    0 0.00000000        0     0.0000
[15,]   14    0    0 0.00000000        0     0.0000
[16,]   15    1   32 0.03125000   -32010 -1000.3125
[17,]   16    0    0 0.00000000        0     0.0000
[18,]   17    0    0 0.00000000        0     0.0000
[19,]   18    0    0 0.00000000        0     0.0000
[20,]   19    0    0 0.00000000        0     0.0000
[21,]   20    0   18 0.00000000   -25200 -1400.0000
[22,]   21    0    0 0.00000000        0     0.0000
[23,]   22    0    0 0.00000000        0     0.0000
[24,]   23    0    0 0.00000000        0     0.0000
[25,]   24    0    0 0.00000000        0     0.0000
[26,]   25    0    0 0.00000000        0     0.0000
[27,]   26    0    0 0.00000000        0     0.0000
[28,]   27    0    0 0.00000000        0     0.0000
[29,]   28    0    0 0.00000000        0     0.0000
[30,]   29    0    0 0.00000000        0     0.0000
[31,]   30    0    0 0.00000000        0     0.0000
[1] -1698190
[1] "<-----------20ˆÈ‰º"
      [,1] [,2] [,3]       [,4]    [,5]        [,6]
 [1,]    0    0    0 0.00000000       0     0.00000
 [2,]    1    0    0 0.00000000       0     0.00000
 [3,]    2    0    1 0.00000000   -1400 -1400.00000
 [4,]    3    2   31 0.06451613  -31450 -1014.51613
 [5,]    4    8  117 0.06837607 -114210  -976.15385
 [6,]    5   30  430 0.06976744 -400290  -930.90698
 [7,]    6   69  677 0.10192024 -437120  -645.67208
 [8,]    7  105  785 0.13375796 -332840  -424.00000
 [9,]    8   63  443 0.14221219 -231030  -521.51242
[10,]    9   26  239 0.10878661 -145120  -607.19665
[11,]   10   19  119 0.15966387    1980    16.63866
[12,]   11    6   26 0.23076923   -1610   -61.92308
[13,]   12    2    6 0.33333333    -900  -150.00000
[14,]   13    0    3 0.00000000   -4200 -1400.00000
[15,]   14    0    0 0.00000000       0     0.00000
[16,]   15    0    0 0.00000000       0     0.00000
[17,]   16    0    0 0.00000000       0     0.00000
[18,]   17    0    0 0.00000000       0     0.00000
[19,]   18    0    0 0.00000000       0     0.00000
[20,]   19    0    0 0.00000000       0     0.00000
[21,]   20    0    0 0.00000000       0     0.00000
[22,]   21    0    0 0.00000000       0     0.00000
[23,]   22    0    0 0.00000000       0     0.00000
[24,]   23    0    0 0.00000000       0     0.00000
[25,]   24    0    0 0.00000000       0     0.00000
[26,]   25    0    0 0.00000000       0     0.00000
[27,]   26    0    0 0.00000000       0     0.00000
[28,]   27    0    0 0.00000000       0     0.00000
[29,]   28    0    0 0.00000000       0     0.00000
[30,]   29    0    0 0.00000000       0     0.00000
[31,]   30    0    0 0.00000000       0     0.00000
[1] -1698190
[1] "<-----------30ˆÈ‰º"
      [,1] [,2] [,3]        [,4]    [,5]       [,6]
 [1,]    0    0    0 0.000000000       0     0.0000
 [2,]    1    0    0 0.000000000       0     0.0000
 [3,]    2    0    0 0.000000000       0     0.0000
 [4,]    3    0    1 0.000000000   -1400 -1400.0000
 [5,]    4    0    7 0.000000000   -9800 -1400.0000
 [6,]    5    0   52 0.000000000  -72800 -1400.0000
 [7,]    6    1  155 0.006451613 -208100 -1342.5806
 [8,]    7    3  248 0.012096774 -298550 -1203.8306
 [9,]    8   22  347 0.063400576 -302210  -870.9222
[10,]    9   52  499 0.104208417 -210740  -422.3246
[11,]   10   61  512 0.119140625 -242080  -472.8125
[12,]   11   65  418 0.155502392 -153890  -368.1579
[13,]   12   44  292 0.150684932 -162470  -556.4041
[14,]   13   43  167 0.257485030   17150   102.6946
[15,]   14   18   93 0.193548387  -34920  -375.4839
[16,]   15   15   55 0.272727273    -220    -4.0000
[17,]   16    3   22 0.136363636  -19240  -874.5455
[18,]   17    2    4 0.500000000    3620   905.0000
[19,]   18    0    1 0.000000000   -1400 -1400.0000
[20,]   19    0    3 0.000000000   -4200 -1400.0000
[21,]   20    1    1 1.000000000    3060  3060.0000
[22,]   21    0    0 0.000000000       0     0.0000
[23,]   22    0    0 0.000000000       0     0.0000
[24,]   23    0    0 0.000000000       0     0.0000
[25,]   24    0    0 0.000000000       0     0.0000
[26,]   25    0    0 0.000000000       0     0.0000
[27,]   26    0    0 0.000000000       0     0.0000
[28,]   27    0    0 0.000000000       0     0.0000
[29,]   28    0    0 0.000000000       0     0.0000
[30,]   29    0    0 0.000000000       0     0.0000
[31,]   30    0    0 0.000000000       0     0.0000
[1] -1698190
[1] "<-----------50ˆÈ‰º"
      [,1] [,2] [,3]        [,4]    [,5]        [,6]
 [1,]    0    0    0 0.000000000       0     0.00000
 [2,]    1    0    0 0.000000000       0     0.00000
 [3,]    2    0    0 0.000000000       0     0.00000
 [4,]    3    0    0 0.000000000       0     0.00000
 [5,]    4    0    0 0.000000000       0     0.00000
 [6,]    5    0    3 0.000000000   -4200 -1400.00000
 [7,]    6    0   13 0.000000000  -18200 -1400.00000
 [8,]    7    0   42 0.000000000  -58800 -1400.00000
 [9,]    8    0   74 0.000000000 -103600 -1400.00000
[10,]    9    2  139 0.014388489 -146760 -1055.82734
[11,]   10    1  183 0.005464481 -240590 -1314.69945
[12,]   11    8  202 0.039603960 -166280  -823.16832
[13,]   12   15  258 0.058139535 -180840  -700.93023
[14,]   13   20  272 0.073529412 -202520  -744.55882
[15,]   14   30  284 0.105633803 -140740  -495.56338
[16,]   15   46  294 0.156462585  -55460  -188.63946
[17,]   16   35  281 0.124555160 -127900  -455.16014
[18,]   17   36  215 0.167441860  -76030  -353.62791
[19,]   18   33  203 0.162561576 -102730  -506.05911
[20,]   19   31  138 0.224637681  -31740  -230.00000
[21,]   20   31  105 0.295238095    4430    42.19048
[22,]   21   22   83 0.265060241   -5610   -67.59036
[23,]   22    4   36 0.111111111  -31920  -886.66667
[24,]   23    7   22 0.318181818   -2740  -124.54545
[25,]   24    4   10 0.400000000    2030   203.00000
[26,]   25    3   13 0.230769231   -5870  -451.53846
[27,]   26    1    5 0.200000000   -3780  -756.00000
[28,]   27    1    2 0.500000000    1660   830.00000
[29,]   28    0    0 0.000000000       0     0.00000
[30,]   29    0    0 0.000000000       0     0.00000
[31,]   30    0    0 0.000000000       0     0.00000
[1] -1698190
[1] "<-----------100ˆÈ‰º"
      [,1] [,2] [,3]       [,4]    [,5]        [,6]
 [1,]    0    0    0 0.00000000       0     0.00000
 [2,]    1    0    0 0.00000000       0     0.00000
 [3,]    2    0    0 0.00000000       0     0.00000
 [4,]    3    0    0 0.00000000       0     0.00000
 [5,]    4    0    0 0.00000000       0     0.00000
 [6,]    5    0    0 0.00000000       0     0.00000
 [7,]    6    0    0 0.00000000       0     0.00000
 [8,]    7    0    0 0.00000000       0     0.00000
 [9,]    8    0    0 0.00000000       0     0.00000
[10,]    9    0    6 0.00000000   -8400 -1400.00000
[11,]   10    0   40 0.00000000  -56000 -1400.00000
[12,]   11    0   42 0.00000000  -58800 -1400.00000
[13,]   12    2   66 0.03030303  -51490  -780.15152
[14,]   13    1   96 0.01041667 -107780 -1122.70833
[15,]   14    2  131 0.01526718 -140900 -1075.57252
[16,]   15    2  144 0.01388889 -165420 -1148.75000
[17,]   16    9  157 0.05732484 -127850  -814.33121
[18,]   17    4  154 0.02597403 -182300 -1183.76623
[19,]   18   13  147 0.08843537  -61840  -420.68027
[20,]   19   10  168 0.05952381 -108000  -642.85714
[21,]   20    9  143 0.06293706 -123650  -864.68531
[22,]   21   10  185 0.05405405 -182060  -984.10811
[23,]   22   16  137 0.11678832  -87780  -640.72993
[24,]   23   26  160 0.16250000  -23480  -146.75000
[25,]   24   24  164 0.14634146  -59650  -363.71951
[26,]   25   24  143 0.16783217  -28300  -197.90210
[27,]   26   20   99 0.20202020   -9020   -91.11111
[28,]   27   23  121 0.19008264  -17300  -142.97521
[29,]   28   20  109 0.18348624  -43820  -402.01835
[30,]   29   19  108 0.17592593  -31940  -295.74074
[31,]   30   96  357 0.26890756  -22410   -62.77311
[1] -1698190
[1] "<-----------200ˆÈã"
      [,1] [,2] [,3]       [,4]    [,5]       [,6]
 [1,]    0  258 1440 0.17916667 -451140  -313.2917
 [2,]    1   14  121 0.11570248  -62490  -516.4463
 [3,]    2   14  161 0.08695652 -108810  -675.8385
 [4,]    3    8  127 0.06299213  -99990  -787.3228
 [5,]    4    6  124 0.04838710 -133400 -1075.8065
 [6,]    5    7  143 0.04895105 -123140  -861.1189
 [7,]    6    7  137 0.05109489 -102650  -749.2701
 [8,]    7    2  122 0.01639344 -155660 -1275.9016
 [9,]    8    4  100 0.04000000  -74950  -749.5000
[10,]    9    4  111 0.03603604  -86740  -781.4414
[11,]   10    5   93 0.05376344  -41810  -449.5699
[12,]   11    1   70 0.01428571  -78210 -1117.2857
[13,]   12    0   45 0.00000000  -63000 -1400.0000
[14,]   13    0   33 0.00000000  -46200 -1400.0000
[15,]   14    0   26 0.00000000  -36400 -1400.0000
[16,]   15    0   19 0.00000000  -26600 -1400.0000
[17,]   16    0    3 0.00000000   -4200 -1400.0000
[18,]   17    0    2 0.00000000   -2800 -1400.0000
[19,]   18    0    0 0.00000000       0     0.0000
[20,]   19    0    0 0.00000000       0     0.0000
[21,]   20    0    0 0.00000000       0     0.0000
[22,]   21    0    0 0.00000000       0     0.0000
[23,]   22    0    0 0.00000000       0     0.0000
[24,]   23    0    0 0.00000000       0     0.0000
[25,]   24    0    0 0.00000000       0     0.0000
[26,]   25    0    0 0.00000000       0     0.0000
[27,]   26    0    0 0.00000000       0     0.0000
[28,]   27    0    0 0.00000000       0     0.0000
[29,]   28    0    0 0.00000000       0     0.0000
[30,]   29    0    0 0.00000000       0     0.0000
[31,]   30    0    0 0.00000000       0     0.0000
[1] -1698190
[1] "<-----------100ˆÈã"
      [,1] [,2] [,3]       [,4]    [,5]       [,6]
 [1,]    0   97  393 0.24681934  -60020  -152.7226
 [2,]    1   19  119 0.15966387  -47340  -397.8151
 [3,]    2   20  118 0.16949153  -56420  -478.1356
 [4,]    3   26  140 0.18571429  -21450  -153.2143
 [5,]    4   20  112 0.17857143  -27220  -243.0357
 [6,]    5   24  161 0.14906832  -49680  -308.5714
 [7,]    6   25  186 0.13440860  -86890  -467.1505
 [8,]    7   26  187 0.13903743  -66330  -354.7059
 [9,]    8   15  156 0.09615385 -117940  -756.0256
[10,]    9   11  201 0.05472637 -189550  -943.0348
[11,]   10   10  159 0.06289308 -142220  -894.4654
[12,]   11    8  177 0.04519774 -141560  -799.7740
[13,]   12   13  152 0.08552632  -69040  -454.2105
[14,]   13    5  157 0.03184713 -163110 -1038.9172
[15,]   14    7  132 0.05303030  -84760  -642.1212
[16,]   15    1  114 0.00877193 -132980 -1166.4912
[17,]   16    2  104 0.01923077 -108770 -1045.8654
[18,]   17    0   46 0.00000000  -64400 -1400.0000
[19,]   18    1   28 0.03571429  -19510  -696.7857
[20,]   19    0   22 0.00000000  -30800 -1400.0000
[21,]   20    0   11 0.00000000  -15400 -1400.0000
[22,]   21    0    2 0.00000000   -2800 -1400.0000
[23,]   22    0    0 0.00000000       0     0.0000
[24,]   23    0    0 0.00000000       0     0.0000
[25,]   24    0    0 0.00000000       0     0.0000
[26,]   25    0    0 0.00000000       0     0.0000
[27,]   26    0    0 0.00000000       0     0.0000
[28,]   27    0    0 0.00000000       0     0.0000
[29,]   28    0    0 0.00000000       0     0.0000
[30,]   29    0    0 0.00000000       0     0.0000
[31,]   30    0    0 0.00000000       0     0.0000
[1] -1698190
