[1] "<-----------1"
      [,1] [,2] [,3]      [,4]   [,5]       [,6]
 [1,] 0.00  158  560 0.2821429 -16460  -29.39286
 [2,] 0.05    0    0 0.0000000      0    0.00000
 [3,] 0.10    0    0 0.0000000      0    0.00000
 [4,] 0.15    0    0 0.0000000      0    0.00000
 [5,] 0.20    0    0 0.0000000      0    0.00000
 [6,] 0.25    0    0 0.0000000      0    0.00000
 [7,] 0.30    0    0 0.0000000      0    0.00000
 [8,] 0.35    0    0 0.0000000      0    0.00000
 [9,] 0.40    0    0 0.0000000      0    0.00000
[10,] 0.45    0    0 0.0000000      0    0.00000
[11,] 0.50    0    0 0.0000000      0    0.00000
[12,] 0.55    0    0 0.0000000      0    0.00000
[13,] 0.60    0    0 0.0000000      0    0.00000
[14,] 0.65    0    0 0.0000000      0    0.00000
[15,] 0.70    0    1 0.0000000   -500 -500.00000
[16,] 0.75    0    0 0.0000000      0    0.00000
[17,] 0.80    0    1 0.0000000   -500 -500.00000
[18,] 0.85    0    2 0.0000000  -1000 -500.00000
[19,] 0.90    2    6 0.3333333  -1380 -230.00000
[20,] 0.95    0    2 0.0000000  -1000 -500.00000
[21,] 1.00    3   24 0.1250000  -3840 -160.00000
[22,] 1.10    7   13 0.5384615   4320  332.30769
[23,] 1.20    6   18 0.3333333   7610  422.77778
[24,] 1.30    4   10 0.4000000   2690  269.00000
[25,] 1.40    3   14 0.2142857   -800  -57.14286
[26,] 1.50    2    8 0.2500000  -1890 -236.25000
[27,] 1.60    8   10 0.8000000  14160 1416.00000
[28,] 1.70    1    3 0.3333333    160   53.33333
[29,] 1.80    1    5 0.2000000  -1600 -320.00000
[30,] 1.90    1    6 0.1666667  -1700 -283.33333
[31,] 2.00    3   12 0.2500000   -790  -65.83333
[32,] 2.25    2    3 0.6666667   1300  433.33333
[33,] 2.50    1    3 0.3333333  -1040 -346.66667
[34,] 2.75    2    4 0.5000000    120   30.00000
[35,] 3.00    0    1 0.0000000   -500 -500.00000
[36,] 3.25    0    0 0.0000000      0    0.00000
[37,] 3.50    0    0 0.0000000      0    0.00000
[38,] 3.75    0    0 0.0000000      0    0.00000
[39,] 4.00    1    1 1.0000000   1090 1090.00000
[40,] 4.25    0    1 0.0000000   -500 -500.00000
[1] "<-----------2"
      [,1] [,2] [,3]      [,4]  [,5]        [,6]
 [1,] 0.00  112  393 0.2849873 -5670  -14.427481
 [2,] 0.05    0    0 0.0000000     0    0.000000
 [3,] 0.10    0    0 0.0000000     0    0.000000
 [4,] 0.15    0    0 0.0000000     0    0.000000
 [5,] 0.20    0    0 0.0000000     0    0.000000
 [6,] 0.25    0    0 0.0000000     0    0.000000
 [7,] 0.30    0    0 0.0000000     0    0.000000
 [8,] 0.35    0    1 0.0000000  -500 -500.000000
 [9,] 0.40    1    2 0.5000000   450  225.000000
[10,] 0.45    0    4 0.0000000 -2000 -500.000000
[11,] 0.50    0    1 0.0000000  -500 -500.000000
[12,] 0.55    3    9 0.3333333   150   16.666667
[13,] 0.60    3    6 0.5000000  1880  313.333333
[14,] 0.65    6   16 0.3750000  3230  201.875000
[15,] 0.70    4   20 0.2000000   500   25.000000
[16,] 0.75    5   15 0.3333333 -2570 -171.333333
[17,] 0.80    3    8 0.3750000  -150  -18.750000
[18,] 0.85    2   16 0.1250000 -4320 -270.000000
[19,] 0.90    5   17 0.2941176   -50   -2.941176
[20,] 0.95    3   15 0.2000000 -1050  -70.000000
[21,] 1.00    8   27 0.2962963  1770   65.555556
[22,] 1.10    9   36 0.2500000 -3150  -87.500000
[23,] 1.20    6   21 0.2857143 -3720 -177.142857
[24,] 1.30    9   29 0.3103448  -740  -25.517241
[25,] 1.40    5   17 0.2941176   640   37.647059
[26,] 1.50    0   10 0.0000000 -5000 -500.000000
[27,] 1.60    5    7 0.7142857  3750  535.714286
[28,] 1.70    0    3 0.0000000 -1500 -500.000000
[29,] 1.80    2    6 0.3333333  1120  186.666667
[30,] 1.90    1    7 0.1428571  -630  -90.000000
[31,] 2.00    9   11 0.8181818 14540 1321.818182
[32,] 2.25    2    5 0.4000000  2370  474.000000
[33,] 2.50    0    6 0.0000000 -3000 -500.000000
[34,] 2.75    1    3 0.3333333  -390 -130.000000
[35,] 3.00    1    1 1.0000000   490  490.000000
[36,] 3.25    0    2 0.0000000 -1000 -500.000000
[37,] 3.50    0    0 0.0000000     0    0.000000
[38,] 3.75    0    0 0.0000000     0    0.000000
[39,] 4.00    0    0 0.0000000     0    0.000000
[40,] 4.25    0    0 0.0000000     0    0.000000
[1] "<-----------3"
      [,1] [,2] [,3]      [,4]  [,5]        [,6]
 [1,] 0.00   86  293 0.2935154  1090    3.720137
 [2,] 0.05    0    0 0.0000000     0    0.000000
 [3,] 0.10    0    0 0.0000000     0    0.000000
 [4,] 0.15    0    0 0.0000000     0    0.000000
 [5,] 0.20    0    0 0.0000000     0    0.000000
 [6,] 0.25    0    0 0.0000000     0    0.000000
 [7,] 0.30    1    1 1.0000000  1030 1030.000000
 [8,] 0.35    1    1 1.0000000   740  740.000000
 [9,] 0.40    1    3 0.3333333  -390 -130.000000
[10,] 0.45    3    8 0.3750000   200   25.000000
[11,] 0.50    2   10 0.2000000 -2110 -211.000000
[12,] 0.55    5   16 0.3125000 -1470  -91.875000
[13,] 0.60    5   14 0.3571429  7690  549.285714
[14,] 0.65    4   24 0.1666667 -3340 -139.166667
[15,] 0.70    9   25 0.3600000  9580  383.200000
[16,] 0.75   11   29 0.3793103  1820   62.758621
[17,] 0.80    3   14 0.2142857 -3260 -232.857143
[18,] 0.85    7   26 0.2692308  -800  -30.769231
[19,] 0.90    6   20 0.3000000  -510  -25.500000
[20,] 0.95    4   15 0.2666667  -960  -64.000000
[21,] 1.00    9   30 0.3000000 -3400 -113.333333
[22,] 1.10    6   30 0.2000000 -3290 -109.666667
[23,] 1.20    9   34 0.2647059   570   16.764706
[24,] 1.30   12   32 0.3750000  4720  147.500000
[25,] 1.40    4   20 0.2000000 -4540 -227.000000
[26,] 1.50    4   11 0.3636364  2060  187.272727
[27,] 1.60    3   14 0.2142857 -2860 -204.285714
[28,] 1.70    0    7 0.0000000 -3500 -500.000000
[29,] 1.80    1    6 0.1666667  -430  -71.666667
[30,] 1.90    1    4 0.2500000  -700 -175.000000
[31,] 2.00    3   12 0.2500000 -1280 -106.666667
[32,] 2.25    1    5 0.2000000 -1220 -244.000000
[33,] 2.50    2    3 0.6666667  1090  363.333333
[34,] 2.75    1    1 1.0000000   540  540.000000
[35,] 3.00    1    3 0.3333333  -620 -206.666667
[36,] 3.25    0    1 0.0000000  -500 -500.000000
[37,] 3.50    0    0 0.0000000     0    0.000000
[38,] 3.75    0    0 0.0000000     0    0.000000
[39,] 4.00    0    0 0.0000000     0    0.000000
[40,] 4.25    0    0 0.0000000     0    0.000000
[1] "<-----------4"
      [,1] [,2] [,3]       [,4]   [,5]        [,6]
 [1,] 0.00   78  275 0.28363636  -2030   -7.381818
 [2,] 0.05    0    0 0.00000000      0    0.000000
 [3,] 0.10    0    0 0.00000000      0    0.000000
 [4,] 0.15    0    1 0.00000000   -500 -500.000000
 [5,] 0.20    0    0 0.00000000      0    0.000000
 [6,] 0.25    0    0 0.00000000      0    0.000000
 [7,] 0.30    0    1 0.00000000   -500 -500.000000
 [8,] 0.35    2    4 0.50000000   -180  -45.000000
 [9,] 0.40    1    6 0.16666667  -2220 -370.000000
[10,] 0.45    2    5 0.40000000   1760  352.000000
[11,] 0.50    4   12 0.33333333    600   50.000000
[12,] 0.55    2   13 0.15384615    980   75.384615
[13,] 0.60    3   19 0.15789474  -6030 -317.368421
[14,] 0.65   10   25 0.40000000   7710  308.400000
[15,] 0.70    2   17 0.11764706  -4810 -282.941176
[16,] 0.75    8   27 0.29629630    530   19.629630
[17,] 0.80    9   36 0.25000000  -2090  -58.055556
[18,] 0.85    6   21 0.28571429  -2790 -132.857143
[19,] 0.90    7   20 0.35000000    890   44.500000
[20,] 0.95    5   21 0.23809524  -2980 -141.904762
[21,] 1.00   16   34 0.47058824   8500  250.000000
[22,] 1.10    9   32 0.28125000   1800   56.250000
[23,] 1.20    3   32 0.09375000 -12130 -379.062500
[24,] 1.30   14   30 0.46666667   6160  205.333333
[25,] 1.40    6   16 0.37500000   1400   87.500000
[26,] 1.50    1   12 0.08333333  -4860 -405.000000
[27,] 1.60    5   15 0.33333333   1760  117.333333
[28,] 1.70    2   10 0.20000000   3680  368.000000
[29,] 1.80    1    7 0.14285714  -2440 -348.571429
[30,] 1.90    1    2 0.50000000    970  485.000000
[31,] 2.00    3    9 0.33333333   1790  198.888889
[32,] 2.25    0    3 0.00000000  -1500 -500.000000
[33,] 2.50    1    4 0.25000000   -720 -180.000000
[34,] 2.75    0    1 0.00000000   -500 -500.000000
[35,] 3.00    1    1 1.00000000    180  180.000000
[36,] 3.25    1    1 1.00000000    210  210.000000
[37,] 3.50    0    0 0.00000000      0    0.000000
[38,] 3.75    0    0 0.00000000      0    0.000000
[39,] 4.00    0    0 0.00000000      0    0.000000
[40,] 4.25    0    0 0.00000000      0    0.000000
[1] "<-----------5"
      [,1] [,2] [,3]      [,4]  [,5]        [,6]
 [1,] 0.00   75  271 0.2767528  -860   -3.173432
 [2,] 0.05    0    0 0.0000000     0    0.000000
 [3,] 0.10    0    0 0.0000000     0    0.000000
 [4,] 0.15    0    0 0.0000000     0    0.000000
 [5,] 0.20    0    1 0.0000000  -500 -500.000000
 [6,] 0.25    2    4 0.5000000  1270  317.500000
 [7,] 0.30    1    2 0.5000000  1230  615.000000
 [8,] 0.35    2    5 0.4000000  1480  296.000000
 [9,] 0.40    2    6 0.3333333  -470  -78.333333
[10,] 0.45    2    7 0.2857143 -1330 -190.000000
[11,] 0.50    3   10 0.3000000  -610  -61.000000
[12,] 0.55   10   26 0.3846154 10280  395.384615
[13,] 0.60    2   13 0.1538462 -1830 -140.769231
[14,] 0.65    8   24 0.3333333  -750  -31.250000
[15,] 0.70    9   20 0.4500000  1060   53.000000
[16,] 0.75    6   18 0.3333333    30    1.666667
[17,] 0.80    6   25 0.2400000 -3680 -147.200000
[18,] 0.85    5   24 0.2083333 -5170 -215.416667
[19,] 0.90    6   22 0.2727273 -3460 -157.272727
[20,] 0.95    2   10 0.2000000 -2470 -247.000000
[21,] 1.00   10   35 0.2857143 -2470  -70.571429
[22,] 1.10   13   42 0.3095238  2380   56.666667
[23,] 1.20    9   25 0.3600000  7480  299.200000
[24,] 1.30   10   24 0.4166667   880   36.666667
[25,] 1.40    7   30 0.2333333 -2620  -87.333333
[26,] 1.50    5   17 0.2941176 -2740 -161.176471
[27,] 1.60    2   13 0.1538462 -3300 -253.846154
[28,] 1.70    4   13 0.3076923  2790  214.615385
[29,] 1.80    0    5 0.0000000 -2500 -500.000000
[30,] 1.90    2    5 0.4000000  4000  800.000000
[31,] 2.00    0    4 0.0000000 -2000 -500.000000
[32,] 2.25    2   11 0.1818182  -170  -15.454545
[33,] 2.50    0    0 0.0000000     0    0.000000
[34,] 2.75    0    1 0.0000000  -500 -500.000000
[35,] 3.00    0    0 0.0000000     0    0.000000
[36,] 3.25    0    1 0.0000000  -500 -500.000000
[37,] 3.50    0    0 0.0000000     0    0.000000
[38,] 3.75    0    0 0.0000000     0    0.000000
[39,] 4.00    0    0 0.0000000     0    0.000000
[40,] 4.25    0    0 0.0000000     0    0.000000
[1] "<-----------6"
      [,1] [,2] [,3]      [,4]  [,5]       [,6]
 [1,] 0.00   77  268 0.2873134 10410   38.84328
 [2,] 0.05    0    0 0.0000000     0    0.00000
 [3,] 0.10    0    0 0.0000000     0    0.00000
 [4,] 0.15    0    0 0.0000000     0    0.00000
 [5,] 0.20    0    0 0.0000000     0    0.00000
 [6,] 0.25    2    3 0.6666667  2020  673.33333
 [7,] 0.30    0    1 0.0000000  -500 -500.00000
 [8,] 0.35    3    6 0.5000000  4890  815.00000
 [9,] 0.40    3   12 0.2500000 -3830 -319.16667
[10,] 0.45    3   15 0.2000000 -3480 -232.00000
[11,] 0.50    5   17 0.2941176 -2040 -120.00000
[12,] 0.55    4   15 0.2666667 -2160 -144.00000
[13,] 0.60    6   20 0.3000000  -860  -43.00000
[14,] 0.65    7   22 0.3181818  3880  176.36364
[15,] 0.70    8   17 0.4705882  4340  255.29412
[16,] 0.75    8   31 0.2580645 -4870 -157.09677
[17,] 0.80    3   19 0.1578947 -5290 -278.42105
[18,] 0.85    7   23 0.3043478  2360  102.60870
[19,] 0.90   10   27 0.3703704   770   28.51852
[20,] 0.95    7   20 0.3500000   710   35.50000
[21,] 1.00    9   38 0.2368421 -1280  -33.68421
[22,] 1.10   10   31 0.3225806  2490   80.32258
[23,] 1.20    8   24 0.3333333  1160   48.33333
[24,] 1.30    3   26 0.1153846 -9110 -350.38462
[25,] 1.40    4   20 0.2000000 -5550 -277.50000
[26,] 1.50    3   13 0.2307692 -2700 -207.69231
[27,] 1.60    3    7 0.4285714  2630  375.71429
[28,] 1.70    3    5 0.6000000  3030  606.00000
[29,] 1.80    1    5 0.2000000  -410  -82.00000
[30,] 1.90    2    9 0.2222222  -590  -65.55556
[31,] 2.00    4    9 0.4444444  1200  133.33333
[32,] 2.25    2    5 0.4000000   730  146.00000
[33,] 2.50    0    3 0.0000000 -1500 -500.00000
[34,] 2.75    0    2 0.0000000 -1000 -500.00000
[35,] 3.00    0    1 0.0000000  -500 -500.00000
[36,] 3.25    0    0 0.0000000     0    0.00000
[37,] 3.50    0    0 0.0000000     0    0.00000
[38,] 3.75    0    0 0.0000000     0    0.00000
[39,] 4.00    0    0 0.0000000     0    0.00000
[40,] 4.25    0    0 0.0000000     0    0.00000
[1] "<-----------7"
      [,1] [,2] [,3]      [,4]  [,5]       [,6]
 [1,] 0.00   84  295 0.2847458  6340   21.49153
 [2,] 0.05    0    0 0.0000000     0    0.00000
 [3,] 0.10    0    0 0.0000000     0    0.00000
 [4,] 0.15    0    0 0.0000000     0    0.00000
 [5,] 0.20    0    0 0.0000000     0    0.00000
 [6,] 0.25    1    1 1.0000000  1730 1730.00000
 [7,] 0.30    0    2 0.0000000 -1000 -500.00000
 [8,] 0.35    1    4 0.2500000   -90  -22.50000
 [9,] 0.40    1   10 0.1000000 -3880 -388.00000
[10,] 0.45    1    6 0.1666667 -1960 -326.66667
[11,] 0.50    2   20 0.1000000 -7080 -354.00000
[12,] 0.55    2   12 0.1666667 -2970 -247.50000
[13,] 0.60    5   19 0.2631579 -1760  -92.63158
[14,] 0.65    5   15 0.3333333   740   49.33333
[15,] 0.70    3   14 0.2142857 -3420 -244.28571
[16,] 0.75    5   26 0.1923077 -5720 -220.00000
[17,] 0.80    5   19 0.2631579  2460  129.47368
[18,] 0.85    6   24 0.2500000 -1550  -64.58333
[19,] 0.90    9   20 0.4500000  5400  270.00000
[20,] 0.95    5   16 0.3125000  1190   74.37500
[21,] 1.00    8   40 0.2000000 -8280 -207.00000
[22,] 1.10   10   24 0.4166667  6120  255.00000
[23,] 1.20    9   28 0.3214286  2830  101.07143
[24,] 1.30    4   24 0.1666667 -5330 -222.08333
[25,] 1.40    9   22 0.4090909  4310  195.90909
[26,] 1.50    4   10 0.4000000  2500  250.00000
[27,] 1.60    7   10 0.7000000  4290  429.00000
[28,] 1.70    3   13 0.2307692 -1880 -144.61538
[29,] 1.80    2   10 0.2000000 -2590 -259.00000
[30,] 1.90    0    0 0.0000000     0    0.00000
[31,] 2.00    7   12 0.5833333  3250  270.83333
[32,] 2.25    2    4 0.5000000  1060  265.00000
[33,] 2.50    3    4 0.7500000  2300  575.00000
[34,] 2.75    0    1 0.0000000  -500 -500.00000
[35,] 3.00    1    3 0.3333333  -390 -130.00000
[36,] 3.25    0    0 0.0000000     0    0.00000
[37,] 3.50    0    2 0.0000000 -1000 -500.00000
[38,] 3.75    0    0 0.0000000     0    0.00000
[39,] 4.00    0    1 0.0000000  -500 -500.00000
[40,] 4.25    0    1 0.0000000  -500 -500.00000
[1] "<-----------8"
      [,1] [,2] [,3]      [,4]  [,5]        [,6]
 [1,] 0.00   86  305 0.2819672 -9950  -32.622951
 [2,] 0.05    0    0 0.0000000     0    0.000000
 [3,] 0.10    0    0 0.0000000     0    0.000000
 [4,] 0.15    0    2 0.0000000 -1000 -500.000000
 [5,] 0.20    2    2 1.0000000  2100 1050.000000
 [6,] 0.25    0    2 0.0000000 -1000 -500.000000
 [7,] 0.30    2    4 0.5000000   650  162.500000
 [8,] 0.35    1    8 0.1250000 -1770 -221.250000
 [9,] 0.40    2    4 0.5000000   530  132.500000
[10,] 0.45    2    7 0.2857143  2600  371.428571
[11,] 0.50    4   11 0.3636364  2280  207.272727
[12,] 0.55    1    7 0.1428571 -1760 -251.428571
[13,] 0.60    4   16 0.2500000 -2220 -138.750000
[14,] 0.65    3   16 0.1875000 -4980 -311.250000
[15,] 0.70    3   24 0.1250000 -8010 -333.750000
[16,] 0.75    4   19 0.2105263 -3720 -195.789474
[17,] 0.80    5   21 0.2380952 -4250 -202.380952
[18,] 0.85    9   21 0.4285714  6390  304.285714
[19,] 0.90    6   18 0.3333333  1670   92.777778
[20,] 0.95    5   19 0.2631579 -2390 -125.789474
[21,] 1.00    7   26 0.2692308   280   10.769231
[22,] 1.10    8   31 0.2580645 -1360  -43.870968
[23,] 1.20   17   29 0.5862069 16880  582.068966
[24,] 1.30    6   22 0.2727273  -820  -37.272727
[25,] 1.40    5   18 0.2777778   -40   -2.222222
[26,] 1.50    2   17 0.1176471 -6170 -362.941176
[27,] 1.60    2   13 0.1538462 -3960 -304.615385
[28,] 1.70    2   13 0.1538462 -4150 -319.230769
[29,] 1.80    1    5 0.2000000  -810 -162.000000
[30,] 1.90    3    7 0.4285714  2540  362.857143
[31,] 2.00    6   10 0.6000000 12960 1296.000000
[32,] 2.25    0    4 0.0000000 -2000 -500.000000
[33,] 2.50    2    3 0.6666667  2090  696.666667
[34,] 2.75    3    3 1.0000000  2700  900.000000
[35,] 3.00    1    4 0.2500000  -220  -55.000000
[36,] 3.25    0    0 0.0000000     0    0.000000
[37,] 3.50    1    1 1.0000000  2860 2860.000000
[38,] 3.75    0    0 0.0000000     0    0.000000
[39,] 4.00    0    0 0.0000000     0    0.000000
[40,] 4.25    0    1 0.0000000  -500 -500.000000
[1] "<-----------9"
      [,1] [,2] [,3]      [,4]  [,5]        [,6]
 [1,] 0.00   97  338 0.2869822  1450    4.289941
 [2,] 0.05    0    1 0.0000000  -500 -500.000000
 [3,] 0.10    0    0 0.0000000     0    0.000000
 [4,] 0.15    1    2 0.5000000   440  220.000000
 [5,] 0.20    0    1 0.0000000  -500 -500.000000
 [6,] 0.25    2    4 0.5000000   410  102.500000
 [7,] 0.30    2    9 0.2222222 -1740 -193.333333
 [8,] 0.35    2    6 0.3333333   880  146.666667
 [9,] 0.40    2    6 0.3333333 -1340 -223.333333
[10,] 0.45    4   10 0.4000000  -320  -32.000000
[11,] 0.50    0    4 0.0000000 -2000 -500.000000
[12,] 0.55    3   15 0.2000000 -2720 -181.333333
[13,] 0.60    3    9 0.3333333  3810  423.333333
[14,] 0.65    3   16 0.1875000 -2080 -130.000000
[15,] 0.70    4   18 0.2222222 -3970 -220.555556
[16,] 0.75    4   14 0.2857143 -2590 -185.000000
[17,] 0.80    4   19 0.2105263 -5280 -277.894737
[18,] 0.85    6   22 0.2727273 -1800  -81.818182
[19,] 0.90    2    9 0.2222222  -530  -58.888889
[20,] 0.95    4   14 0.2857143    60    4.285714
[21,] 1.00    4   30 0.1333333 -8090 -269.666667
[22,] 1.10    9   24 0.3750000  5430  226.250000
[23,] 1.20    9   27 0.3333333  2700  100.000000
[24,] 1.30    8   23 0.3478261  5760  250.434783
[25,] 1.40    2   10 0.2000000 -3110 -311.000000
[26,] 1.50    6   15 0.4000000  3450  230.000000
[27,] 1.60    3    9 0.3333333  -660  -73.333333
[28,] 1.70    1    7 0.1428571 -1840 -262.857143
[29,] 1.80    4   11 0.3636364 -1290 -117.272727
[30,] 1.90    3    5 0.6000000  7800 1560.000000
[31,] 2.00    6   16 0.3750000  2580  161.250000
[32,] 2.25    3    6 0.5000000   440   73.333333
[33,] 2.50    0    3 0.0000000 -1500 -500.000000
[34,] 2.75    0    3 0.0000000 -1500 -500.000000
[35,] 3.00    2    4 0.5000000  -270  -67.500000
[36,] 3.25    1    2 0.5000000  1010  505.000000
[37,] 3.50    1    1 1.0000000  2860 2860.000000
[38,] 3.75    0    0 0.0000000     0    0.000000
[39,] 4.00    0    0 0.0000000     0    0.000000
[40,] 4.25    0    0 0.0000000     0    0.000000
[1] "<-----------10"
      [,1] [,2] [,3]      [,4]  [,5]        [,6]
 [1,] 0.00  111  387 0.2868217 -8480  -21.912145
 [2,] 0.05    0    0 0.0000000     0    0.000000
 [3,] 0.10    0    2 0.0000000 -1000 -500.000000
 [4,] 0.15    0    0 0.0000000     0    0.000000
 [5,] 0.20    2    3 0.6666667  1160  386.666667
 [6,] 0.25    2    4 0.5000000   270   67.500000
 [7,] 0.30    0    3 0.0000000 -1500 -500.000000
 [8,] 0.35    3    5 0.6000000  2160  432.000000
 [9,] 0.40    1    4 0.2500000   380   95.000000
[10,] 0.45    4   10 0.4000000  7830  783.000000
[11,] 0.50    1    6 0.1666667 -1480 -246.666667
[12,] 0.55    2    8 0.2500000  -350  -43.750000
[13,] 0.60    3    7 0.4285714  4810  687.142857
[14,] 0.65    3   11 0.2727273   560   50.909091
[15,] 0.70    1    9 0.1111111 -3390 -376.666667
[16,] 0.75    3   17 0.1764706 -2060 -121.176471
[17,] 0.80    4   17 0.2352941 -1160  -68.235294
[18,] 0.85    6   15 0.4000000  4670  311.333333
[19,] 0.90    5   10 0.5000000  1460  146.000000
[20,] 0.95    2   10 0.2000000  1140  114.000000
[21,] 1.00   10   25 0.4000000  3930  157.200000
[22,] 1.10    7   29 0.2413793 -6730 -232.068966
[23,] 1.20    6   17 0.3529412  5440  320.000000
[24,] 1.30    5   20 0.2500000 -2830 -141.500000
[25,] 1.40    6   16 0.3750000   200   12.500000
[26,] 1.50    5   17 0.2941176    40    2.352941
[27,] 1.60    4    9 0.4444444  1650  183.333333
[28,] 1.70    1    8 0.1250000 -1450 -181.250000
[29,] 1.80    2    8 0.2500000  -560  -70.000000
[30,] 1.90    2    7 0.2857143  -900 -128.571429
[31,] 2.00    4   11 0.3636364   640   58.181818
[32,] 2.25    0    8 0.0000000 -4000 -500.000000
[33,] 2.50    0    6 0.0000000 -3000 -500.000000
[34,] 2.75    0    2 0.0000000 -1000 -500.000000
[35,] 3.00    0    2 0.0000000 -1000 -500.000000
[36,] 3.25    0    0 0.0000000     0    0.000000
[37,] 3.50    0    1 0.0000000  -500 -500.000000
[38,] 3.75    0    0 0.0000000     0    0.000000
[39,] 4.00    0    0 0.0000000     0    0.000000
[40,] 4.25    0    0 0.0000000     0    0.000000
[1] "<-----------11"
      [,1] [,2] [,3]      [,4]   [,5]        [,6]
 [1,] 0.00  135  446 0.3026906   3300    7.399103
 [2,] 0.05    0    0 0.0000000      0    0.000000
 [3,] 0.10    0    0 0.0000000      0    0.000000
 [4,] 0.15    0    0 0.0000000      0    0.000000
 [5,] 0.20    1    2 0.5000000    280  140.000000
 [6,] 0.25    1    3 0.3333333    280   93.333333
 [7,] 0.30    1    4 0.2500000   -960 -240.000000
 [8,] 0.35    2    5 0.4000000   1940  388.000000
 [9,] 0.40    0    3 0.0000000  -1500 -500.000000
[10,] 0.45    2    6 0.3333333    620  103.333333
[11,] 0.50    4   10 0.4000000   1210  121.000000
[12,] 0.55    2    6 0.3333333   -260  -43.333333
[13,] 0.60    2    7 0.2857143   -110  -15.714286
[14,] 0.65    3   12 0.2500000  -2420 -201.666667
[15,] 0.70    3   13 0.2307692    760   58.461538
[16,] 0.75    2    8 0.2500000  -1170 -146.250000
[17,] 0.80    5   15 0.3333333    700   46.666667
[18,] 0.85    3    9 0.3333333   3590  398.888889
[19,] 0.90    4   11 0.3636364    520   47.272727
[20,] 0.95    5   12 0.4166667   6320  526.666667
[21,] 1.00    0   20 0.0000000 -10000 -500.000000
[22,] 1.10    2   18 0.1111111  -5580 -310.000000
[23,] 1.20    3   17 0.1764706  -1400  -82.352941
[24,] 1.30    6   19 0.3157895  -1710  -90.000000
[25,] 1.40    2   10 0.2000000  -1950 -195.000000
[26,] 1.50    6   14 0.4285714   3870  276.428571
[27,] 1.60    3   10 0.3000000   1660  166.000000
[28,] 1.70    2    9 0.2222222     10    1.111111
[29,] 1.80    1    7 0.1428571  -1870 -267.142857
[30,] 1.90    2    5 0.4000000     70   14.000000
[31,] 2.00    2    6 0.3333333   1110  185.000000
[32,] 2.25    0    4 0.0000000  -2000 -500.000000
[33,] 2.50    0    1 0.0000000   -500 -500.000000
[34,] 2.75    0    0 0.0000000      0    0.000000
[35,] 3.00    0    0 0.0000000      0    0.000000
[36,] 3.25    0    0 0.0000000      0    0.000000
[37,] 3.50    0    0 0.0000000      0    0.000000
[38,] 3.75    0    0 0.0000000      0    0.000000
[39,] 4.00    0    0 0.0000000      0    0.000000
[40,] 4.25    0    0 0.0000000      0    0.000000
[1] "<-----------12"
      [,1] [,2] [,3]      [,4]  [,5]       [,6]
 [1,] 0.00  161  546 0.2948718  6780   12.41758
 [2,] 0.05    0    0 0.0000000     0    0.00000
 [3,] 0.10    0    0 0.0000000     0    0.00000
 [4,] 0.15    0    1 0.0000000  -500 -500.00000
 [5,] 0.20    1    2 0.5000000   280  140.00000
 [6,] 0.25    0    0 0.0000000     0    0.00000
 [7,] 0.30    1    1 1.0000000   740  740.00000
 [8,] 0.35    0    4 0.0000000 -2000 -500.00000
 [9,] 0.40    0    6 0.0000000 -3000 -500.00000
[10,] 0.45    1    4 0.2500000 -1290 -322.50000
[11,] 0.50    1    4 0.2500000  -940 -235.00000
[12,] 0.55    1    6 0.1666667 -2170 -361.66667
[13,] 0.60    0    4 0.0000000 -2000 -500.00000
[14,] 0.65    3    7 0.4285714  3640  520.00000
[15,] 0.70    1    6 0.1666667  -740 -123.33333
[16,] 0.75    2    9 0.2222222 -1940 -215.55556
[17,] 0.80    3   10 0.3000000  -810  -81.00000
[18,] 0.85    3    8 0.3750000  3320  415.00000
[19,] 0.90    0   11 0.0000000 -5500 -500.00000
[20,] 0.95    4    8 0.5000000  1540  192.50000
[21,] 1.00    4   16 0.2500000  -290  -18.12500
[22,] 1.10    3   14 0.2142857 -3150 -225.00000
[23,] 1.20    4    9 0.4444444  2740  304.44444
[24,] 1.30    5   10 0.5000000  2850  285.00000
[25,] 1.40    4   11 0.3636364  2270  206.36364
[26,] 1.50    2    7 0.2857143  -630  -90.00000
[27,] 1.60    0    2 0.0000000 -1000 -500.00000
[28,] 1.70    0    3 0.0000000 -1500 -500.00000
[29,] 1.80    1    2 0.5000000  -250 -125.00000
[30,] 1.90    0    1 0.0000000  -500 -500.00000
[31,] 2.00    0    2 0.0000000 -1000 -500.00000
[32,] 2.25    0    0 0.0000000     0    0.00000
[33,] 2.50    0    0 0.0000000     0    0.00000
[34,] 2.75    0    0 0.0000000     0    0.00000
[35,] 3.00    0    0 0.0000000     0    0.00000
[36,] 3.25    0    0 0.0000000     0    0.00000
[37,] 3.50    0    0 0.0000000     0    0.00000
[38,] 3.75    0    0 0.0000000     0    0.00000
[39,] 4.00    0    0 0.0000000     0    0.00000
[40,] 4.25    0    0 0.0000000     0    0.00000
[1] "<-----------13"
      [,1] [,2] [,3]      [,4]  [,5]        [,6]
 [1,] 0.00  184  646 0.2848297 -5020   -7.770898
 [2,] 0.05    0    0 0.0000000     0    0.000000
 [3,] 0.10    0    0 0.0000000     0    0.000000
 [4,] 0.15    0    0 0.0000000     0    0.000000
 [5,] 0.20    0    0 0.0000000     0    0.000000
 [6,] 0.25    0    0 0.0000000     0    0.000000
 [7,] 0.30    1    1 1.0000000  1150 1150.000000
 [8,] 0.35    1    1 1.0000000   250  250.000000
 [9,] 0.40    0    1 0.0000000  -500 -500.000000
[10,] 0.45    2    3 0.6666667  1220  406.666667
[11,] 0.50    0    3 0.0000000 -1500 -500.000000
[12,] 0.55    1    4 0.2500000  -950 -237.500000
[13,] 0.60    1    2 0.5000000  2580 1290.000000
[14,] 0.65    0    2 0.0000000 -1000 -500.000000
[15,] 0.70    0    2 0.0000000 -1000 -500.000000
[16,] 0.75    1    2 0.5000000   -10   -5.000000
[17,] 0.80    0    3 0.0000000 -1500 -500.000000
[18,] 0.85    0    2 0.0000000 -1000 -500.000000
[19,] 0.90    0    3 0.0000000 -1500 -500.000000
[20,] 0.95    3    4 0.7500000  1920  480.000000
[21,] 1.00    2    6 0.3333333  -100  -16.666667
[22,] 1.10    4    6 0.6666667  2160  360.000000
[23,] 1.20    2    5 0.4000000  2540  508.000000
[24,] 1.30    0    7 0.0000000 -3500 -500.000000
[25,] 1.40    3    5 0.6000000  3710  742.000000
[26,] 1.50    0    4 0.0000000 -2000 -500.000000
[27,] 1.60    0    0 0.0000000     0    0.000000
[28,] 1.70    0    0 0.0000000     0    0.000000
[29,] 1.80    0    1 0.0000000  -500 -500.000000
[30,] 1.90    0    0 0.0000000     0    0.000000
[31,] 2.00    0    1 0.0000000  -500 -500.000000
[32,] 2.25    0    0 0.0000000     0    0.000000
[33,] 2.50    0    0 0.0000000     0    0.000000
[34,] 2.75    0    0 0.0000000     0    0.000000
[35,] 3.00    0    0 0.0000000     0    0.000000
[36,] 3.25    0    0 0.0000000     0    0.000000
[37,] 3.50    0    0 0.0000000     0    0.000000
[38,] 3.75    0    0 0.0000000     0    0.000000
[39,] 4.00    0    0 0.0000000     0    0.000000
[40,] 4.25    0    0 0.0000000     0    0.000000
[1] "<-----------14"
      [,1] [,2] [,3]      [,4]  [,5]       [,6]
 [1,] 0.00  196  686 0.2857143 -7560  -11.02041
 [2,] 0.05    0    0 0.0000000     0    0.00000
 [3,] 0.10    0    0 0.0000000     0    0.00000
 [4,] 0.15    1    1 1.0000000   790  790.00000
 [5,] 0.20    0    0 0.0000000     0    0.00000
 [6,] 0.25    0    0 0.0000000     0    0.00000
 [7,] 0.30    1    1 1.0000000   250  250.00000
 [8,] 0.35    0    1 0.0000000  -500 -500.00000
 [9,] 0.40    1    3 0.3333333  1570  523.33333
[10,] 0.45    1    1 1.0000000  2340 2340.00000
[11,] 0.50    0    2 0.0000000 -1000 -500.00000
[12,] 0.55    0    0 0.0000000     0    0.00000
[13,] 0.60    0    1 0.0000000  -500 -500.00000
[14,] 0.65    0    0 0.0000000     0    0.00000
[15,] 0.70    0    1 0.0000000  -500 -500.00000
[16,] 0.75    0    0 0.0000000     0    0.00000
[17,] 0.80    0    3 0.0000000 -1500 -500.00000
[18,] 0.85    1    2 0.5000000   690  345.00000
[19,] 0.90    0    2 0.0000000 -1000 -500.00000
[20,] 0.95    0    2 0.0000000 -1000 -500.00000
[21,] 1.00    2    3 0.6666667  2150  716.66667
[22,] 1.10    1    4 0.2500000  -310  -77.50000
[23,] 1.20    0    0 0.0000000     0    0.00000
[24,] 1.30    1    1 1.0000000  1030 1030.00000
[25,] 1.40    0    0 0.0000000     0    0.00000
[26,] 1.50    0    0 0.0000000     0    0.00000
[27,] 1.60    0    0 0.0000000     0    0.00000
[28,] 1.70    0    0 0.0000000     0    0.00000
[29,] 1.80    0    0 0.0000000     0    0.00000
[30,] 1.90    0    0 0.0000000     0    0.00000
[31,] 2.00    0    0 0.0000000     0    0.00000
[32,] 2.25    0    0 0.0000000     0    0.00000
[33,] 2.50    0    0 0.0000000     0    0.00000
[34,] 2.75    0    0 0.0000000     0    0.00000
[35,] 3.00    0    0 0.0000000     0    0.00000
[36,] 3.25    0    0 0.0000000     0    0.00000
[37,] 3.50    0    0 0.0000000     0    0.00000
[38,] 3.75    0    0 0.0000000     0    0.00000
[39,] 4.00    0    0 0.0000000     0    0.00000
[40,] 4.25    0    0 0.0000000     0    0.00000
[1] "<-----------15"
      [,1] [,2] [,3]      [,4]  [,5]        [,6]
 [1,] 0.00  205  713 0.2875175 -4550   -6.381487
 [2,] 0.05    0    0 0.0000000     0    0.000000
 [3,] 0.10    0    0 0.0000000     0    0.000000
 [4,] 0.15    0    0 0.0000000     0    0.000000
 [5,] 0.20    0    0 0.0000000     0    0.000000
 [6,] 0.25    0    0 0.0000000     0    0.000000
 [7,] 0.30    0    0 0.0000000     0    0.000000
 [8,] 0.35    0    0 0.0000000     0    0.000000
 [9,] 0.40    0    1 0.0000000  -500 -500.000000
[10,] 0.45    0    0 0.0000000     0    0.000000
[11,] 0.50    0    0 0.0000000     0    0.000000
[12,] 0.55    0    0 0.0000000     0    0.000000
[13,] 0.60    0    0 0.0000000     0    0.000000
[14,] 0.65    0    0 0.0000000     0    0.000000
[15,] 0.70    0    0 0.0000000     0    0.000000
[16,] 0.75    0    0 0.0000000     0    0.000000
[17,] 0.80    0    0 0.0000000     0    0.000000
[18,] 0.85    0    0 0.0000000     0    0.000000
[19,] 0.90    0    0 0.0000000     0    0.000000
[20,] 0.95    0    0 0.0000000     0    0.000000
[21,] 1.00    0    0 0.0000000     0    0.000000
[22,] 1.10    0    0 0.0000000     0    0.000000
[23,] 1.20    0    0 0.0000000     0    0.000000
[24,] 1.30    0    0 0.0000000     0    0.000000
[25,] 1.40    0    0 0.0000000     0    0.000000
[26,] 1.50    0    0 0.0000000     0    0.000000
[27,] 1.60    0    0 0.0000000     0    0.000000
[28,] 1.70    0    0 0.0000000     0    0.000000
[29,] 1.80    0    0 0.0000000     0    0.000000
[30,] 1.90    0    0 0.0000000     0    0.000000
[31,] 2.00    0    0 0.0000000     0    0.000000
[32,] 2.25    0    0 0.0000000     0    0.000000
[33,] 2.50    0    0 0.0000000     0    0.000000
[34,] 2.75    0    0 0.0000000     0    0.000000
[35,] 3.00    0    0 0.0000000     0    0.000000
[36,] 3.25    0    0 0.0000000     0    0.000000
[37,] 3.50    0    0 0.0000000     0    0.000000
[38,] 3.75    0    0 0.0000000     0    0.000000
[39,] 4.00    0    0 0.0000000     0    0.000000
[40,] 4.25    0    0 0.0000000     0    0.000000
[1] "<-----------16"
      [,1] [,2] [,3]      [,4]  [,5]      [,6]
 [1,] 0.00  205  714 0.2871148 -5050 -7.072829
 [2,] 0.05    0    0 0.0000000     0  0.000000
 [3,] 0.10    0    0 0.0000000     0  0.000000
 [4,] 0.15    0    0 0.0000000     0  0.000000
 [5,] 0.20    0    0 0.0000000     0  0.000000
 [6,] 0.25    0    0 0.0000000     0  0.000000
 [7,] 0.30    0    0 0.0000000     0  0.000000
 [8,] 0.35    0    0 0.0000000     0  0.000000
 [9,] 0.40    0    0 0.0000000     0  0.000000
[10,] 0.45    0    0 0.0000000     0  0.000000
[11,] 0.50    0    0 0.0000000     0  0.000000
[12,] 0.55    0    0 0.0000000     0  0.000000
[13,] 0.60    0    0 0.0000000     0  0.000000
[14,] 0.65    0    0 0.0000000     0  0.000000
[15,] 0.70    0    0 0.0000000     0  0.000000
[16,] 0.75    0    0 0.0000000     0  0.000000
[17,] 0.80    0    0 0.0000000     0  0.000000
[18,] 0.85    0    0 0.0000000     0  0.000000
[19,] 0.90    0    0 0.0000000     0  0.000000
[20,] 0.95    0    0 0.0000000     0  0.000000
[21,] 1.00    0    0 0.0000000     0  0.000000
[22,] 1.10    0    0 0.0000000     0  0.000000
[23,] 1.20    0    0 0.0000000     0  0.000000
[24,] 1.30    0    0 0.0000000     0  0.000000
[25,] 1.40    0    0 0.0000000     0  0.000000
[26,] 1.50    0    0 0.0000000     0  0.000000
[27,] 1.60    0    0 0.0000000     0  0.000000
[28,] 1.70    0    0 0.0000000     0  0.000000
[29,] 1.80    0    0 0.0000000     0  0.000000
[30,] 1.90    0    0 0.0000000     0  0.000000
[31,] 2.00    0    0 0.0000000     0  0.000000
[32,] 2.25    0    0 0.0000000     0  0.000000
[33,] 2.50    0    0 0.0000000     0  0.000000
[34,] 2.75    0    0 0.0000000     0  0.000000
[35,] 3.00    0    0 0.0000000     0  0.000000
[36,] 3.25    0    0 0.0000000     0  0.000000
[37,] 3.50    0    0 0.0000000     0  0.000000
[38,] 3.75    0    0 0.0000000     0  0.000000
[39,] 4.00    0    0 0.0000000     0  0.000000
[40,] 4.25    0    0 0.0000000     0  0.000000
[1] "<-----------17"
      [,1] [,2] [,3]      [,4]   [,5]        [,6]
 [1,]    0   10   27 0.3703704   5790  214.444444
 [2,]    1    0    0 0.0000000      0    0.000000
 [3,]    2    6   34 0.1764706  -7530 -221.470588
 [4,]    3   14   28 0.5000000  10810  386.071429
 [5,]    4   26   98 0.2653061  -3770  -38.469388
 [6,]    5   22   86 0.2558140 -11620 -135.116279
 [7,]    6   29  114 0.2543860   -310   -2.719298
 [8,]    7   30   99 0.3030303    540    5.454545
 [9,]    8   29   98 0.2959184  -6380  -65.102041
[10,]    9   16   55 0.2909091   -260   -4.727273
[11,]   10   11   32 0.3437500     50    1.562500
[12,]   11    4   15 0.2666667   2350  156.666667
[13,]   12    4   10 0.4000000   5240  524.000000
[14,]   13    0    3 0.0000000  -1500 -500.000000
[15,]   14    0    1 0.0000000   -500 -500.000000
[16,]   15    0    0 0.0000000      0    0.000000
[17,]   16    0    0 0.0000000      0    0.000000
[18,]   17    0    0 0.0000000      0    0.000000
[19,]   18    0    0 0.0000000      0    0.000000
[20,]   19    0    0 0.0000000      0    0.000000
[21,]   20    0    0 0.0000000      0    0.000000
[22,]   21    0    0 0.0000000      0    0.000000
[23,]   22    0    0 0.0000000      0    0.000000
[24,]   23    0    0 0.0000000      0    0.000000
[25,]   24    0    0 0.0000000      0    0.000000
[26,]   25    0    0 0.0000000      0    0.000000
[27,]   26    0    0 0.0000000      0    0.000000
[28,]   27    0    0 0.0000000      0    0.000000
[29,]   28    0    0 0.0000000      0    0.000000
[30,]   29    0    0 0.0000000      0    0.000000
[31,]   30    0    0 0.0000000      0    0.000000
[32,]   31    0    0 0.0000000      0    0.000000
[33,]   32    0    0 0.0000000      0    0.000000
[34,]   33    0    0 0.0000000      0    0.000000
[35,]   34    0    0 0.0000000      0    0.000000
[36,]   35    0    0 0.0000000      0    0.000000
[37,]   36    0    0 0.0000000      0    0.000000
[38,]   37    0    0 0.0000000      0    0.000000
[39,]   38    0    0 0.0000000      0    0.000000
[40,]   39    0    0 0.0000000      0    0.000000
