[1] "R出力\\20170506_Umahuku0_3_OddsHI.txt"
     レース情報.年月日 レース情報.馬場 レース情報.R 天候 状態 単勝馬番
3617        2017/05/04            高知            1   曇   重        3
3618        2017/05/04            高知            2   曇   重        7
3619        2017/05/04            高知            3   曇   重        4
3620        2017/05/04            高知            4   曇   重        7
3621        2017/05/04            高知            5   曇   重       12
3622        2017/05/04            高知            6   曇   重       10
3623        2017/05/04            高知            7   曇   重        3
3624        2017/05/04            高知            8   曇   重        8
3625        2017/05/04            高知            9   曇   重        8
3626        2017/05/04            高知           10   曇   重        9
3627        2017/05/04            高知           11   曇   重        3
3628        2017/05/04            高知           12   曇   重       12
     単勝金額 単勝人気順 複勝馬番1 複勝金額1 複勝人気順1 複勝馬番2 複勝金額2
3617      680          3         3       210           5         2       160
3618      200          1         7       100           1         5       170
3619      350          2         4       160           2         3       990
3620     1780          6         7       640           9         4       320
3621      450          2        12       160           3         7       160
3622     1550          5        10       300           5         1       110
3623      370          1         3       210           3         8       310
3624      870          6         8       370           7         9       140
3625      480          2         8       200           5         5       170
3626      260          2         9       110           2         8       100
3627      260          1         3       110           1         5       160
3628     1660          9        12       520           9         7       160
     複勝人気順2 複勝馬番3 複勝金額3 複勝人気順3 枠複勝枠1 枠複勝枠2
3617           2         7       120           1         2         3
3618           3         1       120           2         5         6
3619          10         7       390           5         3         4
3620           5         2       210           3         4         6
3621           2         8       190           4         6         8
3622           1         9      1250           9         1         7
3623           5         4       580           8         3         7
3624           1         6       230           4         6         7
3625           1         1       180           4         5         7
3626           1        10       150           4         7         7
3627           3        11       250           4         3         5
3628           1        10       190           2         6         8
     枠複金額 枠複人気順 馬複馬番1 馬複馬番2 馬複金額 馬複人気順 枠単勝枠1
3617     1210          5         2         3     1490          6         0
3618      520          2         5         7      660          2         0
3619    11790         23         3         4    19540         38         0
3620     1670          8         4         7     9700         35         0
3621      590          3         7        12     1090          5         0
3622      830          3         1        10     1090          4         0
3623      670          3         3         8     1900          7         0
3624     1460          7         8         9     2920         14         0
3625      340          1         5         8     1040          2         0
3626      230          1         8         9      220          1         0
3627      500          2         3         5      430          2         0
3628     1270          4         7        12     3440         15         0
     枠単勝枠2 枠単金額 枠単人気順 馬単馬番1 馬単馬番2 馬単金額 馬単人気順
3617         0        0          0         3         2     3530         15
3618         0        0          0         7         5      860          3
3619         0        0          0         4         3    29580         60
3620         0        0          0         7         4    30470         77
3621         0        0          0        12         7     1520          7
3622         0        0          0        10         1     2990          8
3623         0        0          0         3         8     2670          9
3624         0        0          0         8         9     6740         29
3625         0        0          0         8         5     2870          8
3626         0        0          0         9         8      490          2
3627         0        0          0         3         5      780          3
3628         0        0          0        12         7     7240         33
     ワイド1馬番1 ワイド1馬番2 ワイド1金額 ワイド1人気順 ワイド2馬番1
3617            2            3         370             4            3
3618            5            7         230             5            1
3619            3            4        3180            24            4
3620            4            7        2350            28            2
3621            7           12         410             6            8
3622            1           10         450             4            9
3623            3            8         700             9            3
3624            8            9         780             9            6
3625            5            8         500             5            1
3626            8            9         140             1            9
3627            3            5         250             3            3
3628            7           12        1360            18           10
     ワイド2馬番2 ワイド2金額 ワイド2人気順 ワイド3馬番1 ワイド3馬番2
3617            7         420             5            2            7
3618            7         190             2            1            5
3619            7        1860            17            3            7
3620            7        1380            17            2            4
3621           12         410             4            7            8
3622           10        4700            30            1            9
3623            4        1390            19            4            8
3624            8        1500            23            6            9
3625            8         560             8            1            5
3626           10         390             5            8           10
3627           11         730            12            5           11
3628           12        2120            32            7           10
     ワイド3金額 ワイド3人気順     年月日 馬場  R 馬複人気順1番
3617         220             1 2017/05/04 高知  1           7.2
3618         180             1 2017/05/04 高知  2           4.2
3619       12520            54 2017/05/04 高知  3           4.2
3620         710             6 2017/05/04 高知  4           7.3
3621         410             5 2017/05/04 高知  5           5.1
3622        2090            15 2017/05/04 高知  6           4.6
3623        2430            32 2017/05/04 高知  7           7.3
3624         570             4 2017/05/04 高知  8          11.2
3625         570             9 2017/05/04 高知  9           9.9
3626         310             4 2017/05/04 高知 10           1.8
3627         690            11 2017/05/04 高知 11           3.6
3628         480             2 2017/05/04 高知 12          16.4
     X2番人気馬番1 X2番人気馬番2 馬複人気順2番 X3番人気馬番1 X3番人気馬番2
3617             2             7           7.4             3             7
3618             5             7           8.4             4             7
3619             6             8           6.0             4             8
3620             3            12          12.0             8            12
3621            10            12           7.8             8            10
3622             1             8           4.9             1             7
3623             3            10           8.1             9            10
3624             1             9          15.3             5             9
3625             5             8          12.2             6             8
3626             4             9          12.9             4             8
3627             3             5           4.5             5             9
3628             7            10          16.4             1             8
     馬複人気順3番 X4番人気馬番1 X4番人気馬番2 馬複人気順4番 X5番人気馬番1
3617          11.6             7            11          14.4             1
3618          12.0             1             5          12.5             2
3619           9.0             2             4          11.0             8
3620          14.1             2             8          17.7             4
3621           8.4             3            10          10.1             3
3622           4.9             1            10          10.5             4
3623           9.1             3             6          13.4             6
3624          17.1             9            11          17.3             1
3625          13.7             1             5          14.6             5
3626          13.5             8            10          13.6             9
3627           7.7             1             3          16.1             3
3628          21.3             7             8          21.3             1
     X5番人気馬番2 馬複人気順5番 X6番人気馬番1 X6番人気馬番2 馬複人気順6番
3617             7          14.5             2             3          17.5
3618             7          13.6             1             2          15.2
3619            10          15.8             4             6          18.7
3620            12          19.8             2             7          23.8
3621            12          13.3             8            12          14.7
3622             7          17.3             7             8          19.4
3623             9          16.3             3             8          20.2
3624             5          18.8             6             9          19.2
3625             9          14.7             2             9          15.7
3626            10          14.4             1             8          30.8
3627            10          18.7             6             9          19.9
3628             3          23.3             7             9          24.2
     X7番人気馬番1 X7番人気馬番2 馬複人気順7番 X8番人気馬番1 X8番人気馬番2
3617             2             8          18.7             7            12
3618             1             4          16.6             7             9
3619             2             6          24.2             2            10
3620             7            12          23.8             2             3
3621             3             7          16.1             7            12
3622             1             6          22.2             4             8
3623             6            10          24.9             8             9
3624             4             9          21.7             3             8
3625             5             6          18.0             2             8
3626             1             9          37.2             6             8
3627             1             9          23.0             3            11
3628             8             9          24.2             3            10
     馬複人気順8番 X9番人気馬番1 X9番人気馬番2 馬複人気順9番 X10番人気馬番1
3617          19.6             1             3          21.8              3
3618          21.0             4             5          30.0              6
3619          34.1             4            10          35.0              6
3620          24.3             1            12          25.3              9
3621          16.6             7             8          17.8              5
3622          22.8             1            11          26.4              7
3623          24.9             8            10          28.0              7
3624          22.5             9            10          23.4              1
3625          18.2             1             2          19.6              2
3626          38.0             4            10          40.4              3
3627          24.5             3             6          26.0              9
3628          25.1             3             8          26.3              1
     X10番人気馬番2 馬複人気順10番 X11番人気馬番1 X11番人気馬番2
3617              8           24.3              4              7
3618              7           30.0              7             12
3619             10           36.0              7              8
3620             12           25.3              2              9
3621             10           21.1              3              8
3622             10           39.5              8             10
3623             10           33.0              1              7
3624              3           23.7              3              4
3625              6           20.7              1              8
3626              8           43.6              3              9
3627             10           26.4              1              5
3628              7           28.9              5             10
     馬複人気順11番 X12番人気馬番1 X12番人気馬番2 馬複人気順12番
3617           26.8              8             11           28.5
3618           30.0              1              9           30.9
3619           36.0              5              8           37.0
3620           26.4              2              4           31.3
3621           23.6              5              7           41.6
3622           40.7              1              5           41.5
3623           35.0              3              7           37.1
3624           24.7              3              5           26.6
3625           20.8              8              9           21.2
3626           48.1              6              9           52.8
3627           26.7              5              6           31.0
3628           30.9              8             10           32.0
     X13番人気馬番1 X13番人気馬番2 馬複人気順13番 X14番人気馬番1
3617              3              4           29.8              1
3618              2              5           31.8              1
3619              8              9           40.3              2
3620              5             12           33.0              1
3621              1              7           45.7              1
3622              4             10           50.2              1
3623              7              9           37.1              6
3624              3             11           27.2              8
3625              5             11           23.2              1
3626              9             11           57.4              7
3627              5             10           33.8              5
3628              7             11           33.1              7
     X14番人気馬番2 馬複人気順14番 X15番人気馬番1 X15番人気馬番2
3617              4           34.5              2             11
3618             10           32.8              4              9
3619              5           42.9              2              7
3620              5           34.0              2              5
3621             10           51.5              3              5
3622              9           52.2              1             12
3623              8           41.3              3              5
3624              9           28.2              3              6
3625              9           24.3              6              9
3626              8           58.4              5              8
3627             11           42.4              9             11
3628             12           34.7              1             10
     馬複人気順15番 X16番人気馬番1 X16番人気馬番2 馬複人気順16番
3617           36.4              3             11           36.4
3618           43.7              7             10           43.7
3619           47.5              3              8           49.3
3620           34.0              1              2           35.0
3621           54.5              1              3           55.5
3622           59.0              5              7           60.8
3623           43.3              4              6           43.3
3624           29.2              3             10           32.0
3625           28.1              1              6           29.0
3626           59.5              8             11           60.6
3627           42.7              3              7           44.5
3628           35.6              3              9           35.6
     X17番人気馬番1 X17番人気馬番2 馬複人気順17番 X18番人気馬番1
3617              5              7           42.3              1
3618              1              8           47.7              3
3619              1              7           51.2              1
3620              2              6           36.0              5
3621              1              5           60.3              1
3622              1              2           61.7              6
3623              5              7           43.3              4
3624              5              6           32.0              1
3625              2             11           35.9              8
3626              4              5           66.8              1
3627              2              3           67.6              3
3628              9             10           35.6              3
     X18番人気馬番2 馬複人気順18番 X19番人気馬番1 X19番人気馬番2
3617              8           50.5             11             12
3618              7           50.0              1              3
3619              5           60.5              4              5
3620              7           37.2              1              7
3621             12           62.9              5              8
3622              7           64.6              4              6
3623             10           44.3              5             10
3624              6           37.0              1             11
3625             11           39.8              9             11
3626              4           71.1              3              4
3627              8           74.2              3              4
3628             12           37.9              1              9
     馬複人気順19番 X20番人気馬番1 X20番人気馬番2 馬複人気順20番
3617           50.5              1              2           54.7
3618           52.5              5             10           52.5
3619           60.5              1              2           63.4
3620           38.4              5              9           38.4
3621           64.4              5             12           64.4
3622           67.9              7             11           76.8
3623           47.9              6              7           47.9
3624           37.0              6              8           37.6
3625           41.7              3              5           42.1
3626           72.7              5              9           79.8
3627           77.4              1              6           86.2
3628           40.2              2              7           41.4
     X21番人気馬番1 X21番人気馬番2 馬複人気順21番 X22番人気馬番1
3617              2             12           59.6              8
3618              1             12           58.3              2
3619              2              3           63.4              4
3620              6             12           41.0              3
3621              1              8           80.9              2
3622              7              9           84.8              4
3623              7              8           50.5             10
3624              8             11           38.2              5
3625              3              8           49.0              2
3626              4              6           88.4              7
3627              1             10           92.1              5
3628              2              8           41.4              1
     X22番人気馬番2 馬複人気順22番 X23番人気馬番1 X23番人気馬番2
3617             12           62.5              2              4
3618              4           58.3              5              9
3619              9           66.6              7             10
3620              4           45.8              1              9
3621              5           80.9              6             10
3622              5           90.5              4             11
3623             11           55.1              3              4
3624             11           40.9              4[1] 524030
[1] 469000
[1] 1.117335
[1] 94
[1] 335
[1] 0.280597
[1] 320540
[1] 256500
[1] 1.249669
[1] 443620
[1] 345800
[1] 1.28288
[1] 81
[1] 247
[1] 0.3279352
[1] 257210
[1] 188700
[1] 1.363063
[1] 3910
[1] 4200
[1] 0.9309524
[1] 1
[1] 3
[1] 0.3333333
[1] 3910
[1] 2600
[1] 1.503846
[1] 0
[1] 4200
[1] 0
[1] 0
[1] 3
[1] 0
[1] 0
[1] 2300
[1] 0
[1] 0
[1] 1400
[1] 0
[1] 0
[1] 1
[1] 0
[1] 0
[1] 700
[1] 0
[1] 13370
[1] 4200
[1] 3.183333
[1] 1
[1] 3
[1] 0.3333333
[1] 13370
[1] 2200
[1] 6.077273
[1] 0
[1] 5600
[1] 0
[1] 0
[1] 4
[1] 0
[1] 0
[1] 2900
[1] 0
[1] 19780
[1] 16800
[1] 1.177381
[1] 2
[1] 12
[1] 0.1666667
[1] 19780
[1] 9700
[1] 2.039175
[1] 16880
[1] 19600
[1] 0.8612245
[1] 3
[1] 14
[1] 0.2142857
[1] 11780
[1] 10200
[1] 1.154902
[1] 3680
[1] 18200
[1] 0.2021978
[1] 1
[1] 13
[1] 0.07692308
[1] 3680
[1] 9800
[1] 0.3755102
[1] 27090
[1] 47600
[1] 0.5691176
[1] 5
[1] 34
[1] 0.1470588
[1] 15110
[1] 26700
[1] 0.5659176
[1] 0
[1] 8400
[1] 0
[1] 0
[1] 6
[1] 0
[1] 0
[1] 4700
[1] 0
[1] 0
[1] 0
[1] NaN
[1] 0
[1] 0
[1] NaN
[1] 0
[1] -3700
[1] 0
[1] 484190
[1] 379400
[1] 1.276199
[1] 87
[1] 271
[1] 0.3210332
[1] 292680
[1] 207300
[1] 1.411867
[1] 114980
[1] 72100
[1] 1.59473
[1] 133740
[1] 77100
[1] 1.73463
[1] 72190
[1] 75000
[1] 0.9625333
[1] 122390
[1] 79200
[1] 1.545328
[1] 59940
[1] 79000
[1] 0.7587342
[1] 337470
[1] 210800
[1] 1.600901
  [1] "0"     "5880"  "3810"  "-500"  "1820"  "-1600" "8620"  "3910"  "-1500"
 [10] "0"     "1240"  "-900"  "0"     "3880"  "0"     "-1200" "-800"  "6280" 
 [19] "-1800" "3810"  "0"     "-900"  "4510"  "-1600" "-900"  "7700"  "1160" 
 [28] "5840"  "0"     "-400"  "-500"  "0"     "0"     "-800"  "-2000" "1360" 
 [37] "-700"  "15740" "12310" "3130"  "-1800" "0"     "-1300" "0"     "-800" 
 [46] "3370"  "8910"  "-2200" "0"     "9500"  "0"     "7880"  "-1400" "-2400"
 [55] "2530"  "4910"  "-3400" "-1600" "-270"  "0"     "-2500" "-1500" "-800" 
 [64] "2300"  "-2300" "3870"  "1680"  "0"     "3410"  "-2700" "-2380" "1790" 
 [73] "14970" "-3100" "2390"  "1560"  "-3900" "-1000" "2940"  "-3100" "-1600"
 [82] "-700"  "0"     "-1300" "0"     "-800"  "0"     "1270"  "2320"  "1980" 
 [91] "240"   "-2500" "-500"  "-600"  "2250"  "-2500" "410"   "-2000" "-1500"
[100] "0"     "3780"  "1680"  "0"     "3220"  "-5600" "0"     "-2300" "-3100"
[109] "12790" "-800"  "0"     "170"   "-1400" "-2000" "-800"  "9970"  "4710" 
[118] "-1200" "-1500" "-1400" "1470"  "7550"  "-1500"
 [1] "-3400" "-1600" "-270"  "0"     "-2500" "-1500" "-800"  "2300"  "-2300"
[10] "3870"  "1680"  "0"     "3410"  "-2700" "-2380" "1790"  "14970" "-3100"
[19] "2390"  "1560"  "-3900" "-1000" "2940"  "-3100" "-1600" "-700"  "0"    
[28] "-1300" "0"     "-800"  "0"     "1270"  "2320"  "1980"  "240"   "-2500"
[37] "-500"  "-600"  "2250"  "-2500" "410"   "-2000" "-1500" "0"     "3780" 
[46] "1680"  "0"     "3220"  "-5600" "0"     "-2300" "-3100" "12790" "-800" 
[55] "0"     "170"   "-1400" "-2000" "-800"  "9970"  "4710"  "-1200" "-1500"
[64] "-1400" "1470"  "7550"  "-1500"
[1] 24570
[1] 72190
[1] 75000
[1] 0.9625333
  [1]     0  -300  -300  -500  4560  -600  -600  -300  -800     0 -1300  -200
 [13]     0  -600     0  -900  -300  -200  -500  -300     0  -400  3930  -500
 [25]  -400  -900  -800  7430     0  2610  -200     0     0  -400  -800 -1200
 [37]  -300 -1300  -600 -1300  3700     0  -600     0  -200  -300  -600  -600
 [49]     0  4940     0  -400  -400 -1100  -700  -400 -1500  -600  1830     0
 [61]  -800  -700  -500  4320  -900 -1100  -600     0  3810 -1100  1520  -400
 [73] -1400 -1300 -1300  1410 -1000  -200  -500 -1100  -600  -400     0  -300
 [85]     0  -300     0  -900  -800  -500  -900  -700  -300  -400  -600  -900
 [97]  3110  -900  -600     0  -900 -1000     0  5520 -1800     0  -900 -1300
[109]  -700  -100     0 -1000  -500  -600  -300 -1500  -400  2690  -900  -500
[121] -1200  6210  -600
[1] 484190
[1] 379400
[1] 1.276199
[1] 87
[1] 271
[1] 0.3210332
[1] 337470
[1] 210800
[1] 1.600901
[1] 484190
[1] 0
[1] Inf
[1] 87
[1] 0
[1] Inf
[1] 337470
[1] -168600
[1] -2.001601
[1] 295850
[1] 258900
[1] 1.142719
[1] 222
[1] 863
[1] 0.2572422
[1] 84110
[1] 57700
[1] 1.457712
[1] 225060
[1] 196000
[1] 1.148265
[1] 124
[1] 392
[1] 0.3163265
[1] 46580
[1] 27500
[1] 1.693818
[1] 225060
[1] 196000
[1] 1.148265
[1] 124
[1] 392
[1] 0.3163265
[1] 46580
[1] 27500
[1] 1.693818
[1] 16980
[1] 16500
[1] 1.029091
[1] 31
[1] 165
[1] 0.1878788
[1] 12960
[1] 7700
[1] 1.683117
[1] 484190
[1] 379400
[1] 1.276199
[1] 87
[1] 271
[1] 0.3210332
[1] 292680
[1] 207300
[1] 1.411867
[1] 34940
[1] 19500
[1] 1.791795
[1] 31
[1] 65
[1] 0.4769231
[1] 33210
[1] 18100
[1] 1.834807
[1] 23730
[1] 20600
[1] 1.151942
[1] 84
[1] 103
[1] 0.815534
[1] 5280
[1] 2400
[1] 2.2

FALSE  TRUE 
   53    70 

FALSE  TRUE 
   53    70 

FALSE  TRUE 
   53    70 
[1] 211540
[1] 202400
[1] 1.045158
[1] 87
[1] 253
[1] 0.3438735
[1] 150980
[1] 143900
[1] 1.049201
[1] 80170
[1] 58800
[1] 1.363435
[1] 54080
[1] 57500
[1] 0.9405217
[1] 58620
[1] 50800
[1] 1.153937
[1] 45050
[1] 49300
[1] 0.9137931
[1] 49210
[1] 47900
[1] 1.027349
[1] 80170
[1] 58800
[1] 1.363435
[1] 107500
[1] 98400
[1] 1.09248
[1] 40
[1] 123
[1] 0.3252033
[1] 43090
[1] 29700
[1] 1.450842
[1] 24330
[1] 27400
[1] 0.8879562
[1] 27240
[1] 26800
[1] 1.016418
[1] 19110
[1] 23000
[1] 0.8308696
[1] 26160
[1] 23900
[1] 1.094561
[1] 43090
[1] 29700
[1] 1.450842
[1] 48120
[1] 54200
[1] 0.8878229
[1] 167
[1] 271
[1] 0.6162362
[1] 37450
[1] 44500
[1] 0.841573
[1] 24260
[1] 26400
[1] 0.9189394
[1] 16880
[1] 15900
[1] 1.061635
[1] 8730
[1] 10200
[1] 0.8558824
[1] 2200
[1] 4500
[1] 0.4888889
[1] 83420
[1] 96000
[1] 0.8689583
[1] 88
[1] 240
[1] 0.3666667
[1] 11970
[1] 17900
[1] 0.6687151
[1] 32450
[1] 42900
[1] 0.7564103
[1] 52490
[1] 65800
[1] 0.7977204
[1] 28930
[1] 31900
[1] 0.9068966
[1] 35830
[1] 36200
[1] 0.989779
[1] 37530
[1] 47100
[1] 0.7968153
[1] 10100
[1] 8800
[1] 1.147727
[1] 5
[1] 44
[1] 0.1136364
[1] 16870
[1] -40100
[1] -0.4206983
[1] 10100
[1] 8800
[1] 1.147727
[1] 5
[1] 44
[1] 0.1136364
[1] 7430
[1] 2900
[1] 2.562069
[1] 9250
[1] 6000
[1] 1.541667
[1] 9250
[1] 5000
[1] 1.85
[1] 7430
[1] 2900
[1] 2.562069
[1] 60020
[1] 51000
[1] 1.176863
[1] 158
[1] 510
[1] 0.3098039
[1] 42430
[1] 36500
[1] 1.162466
[1] 12700
[1] 11600
[1] 1.094828
[1] 19850
[1] 16100
[1] 1.232919
[1] 9880
[1] 8800
[1] 1.122727
[1] 5380
[1] 5700
[1] 0.9438596
[1] 3250
[1] 2700
[1] 1.203704
[1] 19850
[1] 16100
[1] 1.232919
[1] 35250
[1] 37900
[1] 0.9300792
[1] 242
[1] 379
[1] 0.6385224
[1] 8100
[1] 8600
[1] 0.9418605
[1] 8100
[1] 8600
[1] 0.9418605
[1] 1770
[1] 2300
[1] 0.7695652
[1] 840
[1] 700
[1] 1.2
[1] 295850
[1] 258900
[1] 1.142719
[1] 222
[1] 863
[1] 0.2572422
[1] 84110
[1] 57700
[1] 1.457712
[1] 225060
[1] 196000
[1] 1.148265
[1] 124
[1] 392
[1] 0.3163265
[1] 46580
[1] 27500
[1] 1.693818
[1] 225060
[1] 196000
[1] 1.148265
[1] 124
[1] 392
[1] 0.3163265
[1] 46580
[1] 27500
[1] 1.693818
[1] 16980
[1] 16500
[1] 1.029091
[1] 31
[1] 165
[1] 0.1878788
[1] 12960
[1] 7700
[1] 1.683117
[1] 484190
[1] 379400
[1] 1.276199
[1] 87
[1] 271
[1] 0.3210332
[1] 292680
[1] 207300
[1] 1.411867
[1] 34940
[1] 19500
[1] 1.791795
[1] 31
[1] 65
[1] 0.4769231
[1] 33210
[1] 18100
[1] 1.834807
[1] 23730
[1] 20600
[1] 1.151942
[1] 84
[1] 103
[1] 0.815534
[1] 5280
[1] 2400
[1] 2.2
[1] 211540
[1] 202400
[1] 1.045158
[1] 87
[1] 253
[1] 0.3438735
[1] 80170
[1] 58800
[1] 1.363435
  [1] -1350.0  -535.0     0.0   697.5  3535.0  6455.0     0.0  -375.0  -375.0
 [10]  -225.0  -150.0  1102.5  4640.0  -300.0     0.0     0.0 -1350.0  7655.0
 [19] -1800.0  2285.0   930.0  6547.5  -600.0   772.5  -450.0     0.0  2115.0
 [28] -1275.0     0.0     0.0     0.0  1235.0  8040.0   320.0 -1650.0  -600.0
 [37]   240.0  5055.0  -225.0  -150.0  -375.0  -225.0   -75.0    15.0  -300.0
 [46]  -225.0  5195.0  -150.0  2242.5  -750.0  1020.0  -150.0  -300.0  3450.0
 [55]     0.0  -300.0  5165.0  5225.0  -525.0  -225.0  2040.0 -1800.0  -600.0
 [64]  -150.0     0.0  -375.0  -300.0  -225.0  -225.0  1222.5  -645.0  1195.0
 [73]  -375.0  -675.0  3220.0  -375.0  -950.0  2375.0  4170.0  -450.0 -2025.0
 [82] -1825.0  1855.0  -375.0  3395.0 -1575.0  1560.0 -1425.0  -375.0  -300.0
 [91]  5215.0 -1725.0 -1350.0     0.0  -150.0  3800.0  -525.0   907.5  -150.0
[100]   -15.0  1765.0  1905.0  -150.0  -825.0  -225.0   870.0  -397.5  -525.0
[109]     0.0  -625.0  3310.0  2465.0   967.5  -150.0     0.0 -2325.0  1425.0
[118]  -150.0  -300.0  -150.0   985.0 -1950.0  -375.0

FALSE  TRUE 
   62    61 

FALSE  TRUE 
   54    69 

FALSE  TRUE 
   48    75 
[1] 0.6097561

FALSE  TRUE 
   48    75 

FALSE  TRUE 
   46    77 

FALSE  TRUE 
   54    69 

FALSE  TRUE 
   54    69 

FALSE  TRUE 
   43    80 
[1] 0.6504065

FALSE  TRUE 
   53    70 

FALSE  TRUE 
   52    71 
[1] 211540
[1] 202400
[1] 1.045158
[1] 87
[1] 253
[1] 0.3438735
[1] 80170
[1] 58800
[1] 1.363435
[1] 3247
[1] 3345
[1] 295850
[1] 259500
[1] 1.140077
[1] 222
[1] 865
[1] 0.2566474
[1] 84110
[1] 57900
[1] 1.452677
[1] 226050
[1] 196500
[1] 1.150382
[1] 125
[1] 393
[1] 0.3180662
[1] 46580
[1] 27500
[1] 1.693818
[1] 226050
[1] 196500
[1] 1.150382
[1] 125
[1] 393
[1] 0.3180662
[1] 46580
[1] 27500
[1] 1.693818
[1] 16980
[1] 16500
[1] 1.029091
[1] 31
[1] 165
[1] 0.1878788
[1] 12960
[1] 7700
[1] 1.683117
[1] 484190
[1] 380800
[1] 1.271507
[1] 87
[1] 272
[1] 0.3198529
[1] 292680
[1] 207900
[1] 1.407792
[1] 34940
[1] 19500
[1] 1.791795
[1] 31
[1] 65
[1] 0.4769231
[1] 33210
[1] 18100
[1] 1.834807
[1] 23730
[1] 20800
[1] 1.140865
[1] 84
[1] 104
[1] 0.8076923
[1] 5280
[1] 2500
[1] 2.112
[1] 216390
[1] 205600
[1] 1.052481
[1] 89
[1] 257
[1] 0.3463035
[1] 80170
[1] 59700
[1] 1.342881

FALSE  TRUE 
   53    71 
