[1] "R出力\\20170213_Umahuku6_15_fitted.txt"
[1] "<-----------10"
      [,1] [,2] [,3]      [,4]  [,5]      [,6] [,7] [,8] [,9]     [,10] [,11] [,12]
 [1,]    0    0    0 0.0000000     0    0.0000    0    0    0 0.0000000     0     0
 [2,]    1    0    0 0.0000000     0    0.0000    1    0    0 0.0000000     0     0
 [3,]    2    2    5 0.4000000  3930  786.0000    2    0    1 0.0000000  -800  -800
 [4,]    3   10   18 0.5555556 13300  738.8889    3    1    3 0.3333333  -840  -280
 [5,]    4    8   25 0.3200000  2610  104.4000    4    3    8 0.3750000  1040   130
 [6,]    5    6   11 0.5454545  4740  430.9091    5    0    1 0.0000000  -800  -800
 [7,]    6    2    5 0.4000000  -770 -154.0000    6    1    2 0.5000000  -210  -105
 [8,]    7    0    0 0.0000000     0    0.0000    7    0    0 0.0000000     0     0
 [9,]    8    0    0 0.0000000     0    0.0000    8    0    0 0.0000000     0     0
[10,]    9    0    0 0.0000000     0    0.0000    9    0    0 0.0000000     0     0
[11,]   10    0    0 0.0000000     0    0.0000   10    0    0 0.0000000     0     0
[12,]   11    0    0 0.0000000     0    0.0000   11    0    0 0.0000000     0     0
[13,]   12    0    0 0.0000000     0    0.0000   12    0    0 0.0000000     0     0
[1] 23810
[1] -1610
[1] "<-----------20"
      [,1] [,2] [,3]      [,4]  [,5]      [,6] [,7] [,8] [,9]     [,10] [,11] [,12]
 [1,]    0    0    0 0.0000000     0    0.0000    0    0    0 0.0000000     0     0
 [2,]    1    0    0 0.0000000     0    0.0000    1    0    0 0.0000000     0     0
 [3,]    2    0    0 0.0000000     0    0.0000    2    0    0 0.0000000     0     0
 [4,]    3    3    4 0.7500000  4160 1040.0000    3    0    0 0.0000000     0     0
 [5,]    4    4   13 0.3076923  3320  255.3846    4    1    4 0.2500000    20     5
 [6,]    5    7   13 0.5384615  9910  762.3077    5    1    2 0.5000000   -40   -20
 [7,]    6    7   17 0.4117647  5810  341.7647    6    0    2 0.0000000 -1600  -800
 [8,]    7    2    9 0.2222222 -3740 -415.5556    7    1    4 0.2500000 -1580  -395
 [9,]    8    5    8 0.6250000  4350  543.7500    8    2    3 0.6666667  1590   530
[10,]    9    0    0 0.0000000     0    0.0000    9    0    0 0.0000000     0     0
[11,]   10    0    0 0.0000000     0    0.0000   10    0    0 0.0000000     0     0
[12,]   11    0    0 0.0000000     0    0.0000   11    0    0 0.0000000     0     0
[13,]   12    0    0 0.0000000     0    0.0000   12    0    0 0.0000000     0     0
[1] 23810
[1] -1610
[1] "<-----------30"
      [,1] [,2] [,3]      [,4]  [,5]       [,6] [,7] [,8] [,9]     [,10] [,11]     [,12]
 [1,]    0    0    0 0.0000000     0    0.00000    0    0    0 0.0000000     0    0.0000
 [2,]    1    0    0 0.0000000     0    0.00000    1    0    0 0.0000000     0    0.0000
 [3,]    2    0    0 0.0000000     0    0.00000    2    0    0 0.0000000     0    0.0000
 [4,]    3    0    0 0.0000000     0    0.00000    3    0    0 0.0000000     0    0.0000
 [5,]    4    3    4 0.7500000  6900 1725.00000    4    0    0 0.0000000     0    0.0000
 [6,]    5    1    9 0.1111111 -3580 -397.77778    5    0    2 0.0000000 -1600 -800.0000
 [7,]    6    7   10 0.7000000 10890 1089.00000    6    1    1 1.0000000  2420 2420.0000
 [8,]    7    9   22 0.4090909  7820  355.45455    7    1    7 0.1428571 -3980 -568.5714
 [9,]    8    5   11 0.4545455   380   34.54545    8    2    3 0.6666667   550  183.3333
[10,]    9    2    6 0.3333333   400   66.66667    9    0    1 0.0000000  -800 -800.0000
[11,]   10    1    2 0.5000000  1000  500.00000   10    1    1 1.0000000  1800 1800.0000
[12,]   11    0    0 0.0000000     0    0.00000   11    0    0 0.0000000     0    0.0000
[13,]   12    0    0 0.0000000     0    0.00000   12    0    0 0.0000000     0    0.0000
[1] 23810
[1] -1610
      [,1] [,2] [,3]      [,4]  [,5]       [,6] [,7] [,8] [,9]     [,10] [,11]     [,12]
 [1,]    0    0    0 0.0000000     0    0.00000    0    0    0 0.0000000     0    0.0000
 [2,]    1    0    0 0.0000000     0    0.00000    1    0    0 0.0000000     0    0.0000
 [3,]    2    0    0 0.0000000     0    0.00000    2    0    0 0.0000000     0    0.0000
 [4,]    3    0    0 0.0000000     0    0.00000    3    0    0 0.0000000     0    0.0000
 [5,]    4    3    4 0.7500000  6900 1725.00000    4    0    0 0.0000000     0    0.0000
 [6,]    5    1    9 0.1111111 -3580 -397.77778    5    0    2 0.0000000 -1600 -800.0000
 [7,]    6    7   10 0.7000000 10890 1089.00000    6    1    1 1.0000000  2420 2420.0000
 [8,]    7    9   22 0.4090909  7820  355.45455    7    1    7 0.1428571 -3980 -568.5714
 [9,]    8    5   11 0.4545455   380   34.54545    8    2    3 0.6666667   550  183.3333
[10,]    9    2    6 0.3333333   400   66.66667    9    0    1 0.0000000  -800 -800.0000
[11,]   10    1    2 0.5000000  1000  500.00000   10    1    1 1.0000000  1800 1800.0000
[12,]   11    0    0 0.0000000     0    0.00000   11    0    0 0.0000000     0    0.0000
[13,]   12    0    0 0.0000000     0    0.00000   12    0    0 0.0000000     0    0.0000
[14,]   13    0    0 0.0000000     0    0.00000   13    0    0 0.0000000     0    0.0000
[15,]   14    0    0 0.0000000     0    0.00000   14    0    0 0.0000000     0    0.0000
[16,]   15    0    0 0.0000000     0    0.00000   15    0    0 0.0000000     0    0.0000
[17,]    0    0    0 0.0000000     0    0.00000    0    0    0 0.0000000     0    0.0000
[18,]    0    0    0 0.0000000     0    0.00000    0    0    0 0.0000000     0    0.0000
[19,]    0    0    0 0.0000000     0    0.00000    0    0    0 0.0000000     0    0.0000
[20,]    0    0    0 0.0000000     0    0.00000    0    0    0 0.0000000     0    0.0000
[21,]    0    0    0 0.0000000     0    0.00000    0    0    0 0.0000000     0    0.0000
[22,]    0    0    0 0.0000000     0    0.00000    0    0    0 0.0000000     0    0.0000
[23,]    0    0    0 0.0000000     0    0.00000    0    0    0 0.0000000     0    0.0000
[24,]    0    0    0 0.0000000     0    0.00000    0    0    0 0.0000000     0    0.0000
[25,]    0    0    0 0.0000000     0    0.00000    0    0    0 0.0000000     0    0.0000
[26,]    0    0    0 0.0000000     0    0.00000    0    0    0 0.0000000     0    0.0000
[27,]    0    0    0 0.0000000     0    0.00000    0    0    0 0.0000000     0    0.0000
[28,]    0    0    0 0.0000000     0    0.00000    0    0    0 0.0000000     0    0.0000
[29,]    0    0    0 0.0000000     0    0.00000    0    0    0 0.0000000     0    0.0000
[30,]    0    0    0 0.0000000     0    0.00000    0    0    0 0.0000000     0    0.0000
[31,]    0    0    0 0.0000000     0    0.00000    0    0    0 0.0000000     0    0.0000
[32,]    0    0    0 0.0000000     0    0.00000    0    0    0 0.0000000     0    0.0000
[33,]    0    0    0 0.0000000     0    0.00000    0    0    0 0.0000000     0    0.0000
[34,]    0    0    0 0.0000000     0    0.00000    0    0    0 0.0000000     0    0.0000
[35,]    0    0    0 0.0000000     0    0.00000    0    0    0 0.0000000     0    0.0000
[36,]    0    0    0 0.0000000     0    0.00000    0    0    0 0.0000000     0    0.0000
[37,]    0    0    0 0.0000000     0    0.00000    0    0    0 0.0000000     0    0.0000
[38,]    0    0    0 0.0000000     0    0.00000    0    0    0 0.0000000     0    0.0000
[39,]    0    0    0 0.0000000     0    0.00000    0    0    0 0.0000000     0    0.0000
[40,]    0    0    0 0.0000000     0    0.00000    0    0    0 0.0000000     0    0.0000
[1] 23810
[1] -1610
      [,1] [,2] [,3]      [,4]  [,5]       [,6] [,7] [,8] [,9]     [,10] [,11]     [,12]
 [1,]    0    0    0 0.0000000     0    0.00000    0    0    0 0.0000000     0    0.0000
 [2,]    1    0    0 0.0000000     0    0.00000    1    0    0 0.0000000     0    0.0000
 [3,]    2    0    0 0.0000000     0    0.00000    2    0    0 0.0000000     0    0.0000
 [4,]    3    0    0 0.0000000     0    0.00000    3    0    0 0.0000000     0    0.0000
 [5,]    4    3    4 0.7500000  6900 1725.00000    4    0    0 0.0000000     0    0.0000
 [6,]    5    1    9 0.1111111 -3580 -397.77778    5    0    2 0.0000000 -1600 -800.0000
 [7,]    6    7   10 0.7000000 10890 1089.00000    6    1    1 1.0000000  2420 2420.0000
 [8,]    7    9   22 0.4090909  7820  355.45455    7    1    7 0.1428571 -3980 -568.5714
 [9,]    8    5   11 0.4545455   380   34.54545    8    2    3 0.6666667   550  183.3333
[10,]    9    2    6 0.3333333   400   66.66667    9    0    1 0.0000000  -800 -800.0000
[11,]   10    1    2 0.5000000  1000  500.00000   10    1    1 1.0000000  1800 1800.0000
[12,]   11    0    0 0.0000000     0    0.00000   11    0    0 0.0000000     0    0.0000
[13,]   12    0    0 0.0000000     0    0.00000   12    0    0 0.0000000     0    0.0000
[14,]   13    0    0 0.0000000     0    0.00000   13    0    0 0.0000000     0    0.0000
[15,]   14    0    0 0.0000000     0    0.00000   14    0    0 0.0000000     0    0.0000
[16,]   15    0    0 0.0000000     0    0.00000   15    0    0 0.0000000     0    0.0000
[17,]    0    0    0 0.0000000     0    0.00000    0    0    0 0.0000000     0    0.0000
[18,]    0    0    0 0.0000000     0    0.00000    0    0    0 0.0000000     0    0.0000
[19,]    0    0    0 0.0000000     0    0.00000    0    0    0 0.0000000     0    0.0000
[20,]    0    0    0 0.0000000     0    0.00000    0    0    0 0.0000000     0    0.0000
[21,]    0    0    0 0.0000000     0    0.00000    0    0    0 0.0000000     0    0.0000
[22,]    0    0    0 0.0000000     0    0.00000    0    0    0 0.0000000     0    0.0000
[23,]    0    0    0 0.0000000     0    0.00000    0    0    0 0.0000000     0    0.0000
[24,]    0    0    0 0.0000000     0    0.00000    0    0    0 0.0000000     0    0.0000
[25,]    0    0    0 0.0000000     0    0.00000    0    0    0 0.0000000     0    0.0000
[1] 23810
[1] -1610
      [,1] [,2] [,3]      [,4]  [,5]       [,6] [,7] [,8] [,9]     [,10] [,11]     [,12]
 [1,]    0    0    0 0.0000000     0    0.00000    0    0    0 0.0000000     0    0.0000
 [2,]    1    0    0 0.0000000     0    0.00000    1    0    0 0.0000000     0    0.0000
 [3,]    2    0    0 0.0000000     0    0.00000    2    0    0 0.0000000     0    0.0000
 [4,]    3    0    0 0.0000000     0    0.00000    3    0    0 0.0000000     0    0.0000
 [5,]    4    3    4 0.7500000  6900 1725.00000    4    0    0 0.0000000     0    0.0000
 [6,]    5    1    9 0.1111111 -3580 -397.77778    5    0    2 0.0000000 -1600 -800.0000
 [7,]    6    7   10 0.7000000 10890 1089.00000    6    1    1 1.0000000  2420 2420.0000
 [8,]    7    9   22 0.4090909  7820  355.45455    7    1    7 0.1428571 -3980 -568.5714
 [9,]    8    5   11 0.4545455   380   34.54545    8    2    3 0.6666667   550  183.3333
[10,]    9    2    6 0.3333333   400   66.66667    9    0    1 0.0000000  -800 -800.0000
[11,]   10    1    2 0.5000000  1000  500.00000   10    1    1 1.0000000  1800 1800.0000
[12,]   11    0    0 0.0000000     0    0.00000   11    0    0 0.0000000     0    0.0000
[13,]   12    0    0 0.0000000     0    0.00000   12    0    0 0.0000000     0    0.0000
[14,]   13    0    0 0.0000000     0    0.00000   13    0    0 0.0000000     0    0.0000
[15,]   14    0    0 0.0000000     0    0.00000   14    0    0 0.0000000     0    0.0000
[16,]   15    0    0 0.0000000     0    0.00000   15    0    0 0.0000000     0    0.0000
[17,]    0    0    0 0.0000000     0    0.00000    0    0    0 0.0000000     0    0.0000
[18,]    0    0    0 0.0000000     0    0.00000    0    0    0 0.0000000     0    0.0000
[19,]    0    0    0 0.0000000     0    0.00000    0    0    0 0.0000000     0    0.0000
[20,]    0    0    0 0.0000000     0    0.00000    0    0    0 0.0000000     0    0.0000
[21,]    0    0    0 0.0000000     0    0.00000    0    0    0 0.0000000     0    0.0000
[22,]    0    0    0 0.0000000     0    0.00000    0    0    0 0.0000000     0    0.0000
[23,]    0    0    0 0.0000000     0    0.00000    0    0    0 0.0000000     0    0.0000
[24,]    0    0    0 0.0000000     0    0.00000    0    0    0 0.0000000     0    0.0000
[25,]    0    0    0 0.0000000     0    0.00000    0    0    0 0.0000000     0    0.0000
[26,]    0    0    0 0.0000000     0    0.00000    0    0    0 0.0000000     0    0.0000
[27,]    0    0    0 0.0000000     0    0.00000    0    0    0 0.0000000     0    0.0000
[28,]    0    0    0 0.0000000     0    0.00000    0    0    0 0.0000000     0    0.0000
[29,]    0    0    0 0.0000000     0    0.00000    0    0    0 0.0000000     0    0.0000
[30,]    0    0    0 0.0000000     0    0.00000    0    0    0 0.0000000     0    0.0000
[1] 23810
[1] -1610
[1]      [,1] [,2] [,3]      [,4]  [,5]       [,6] [,7] [,8] [,9]     [,10] [,11]     [,12]
 [1,]    0    0    0 0.0000000     0    0.00000    0    0    0 0.0000000     0    0.0000
 [2,]    1    0    0 0.0000000     0    0.00000    1    0    0 0.0000000     0    0.0000
 [3,]    2    0    0 0.0000000     0    0.00000    2    0    0 0.0000000     0    0.0000
 [4,]    3    0    0 0.0000000     0    0.00000    3    0    0 0.0000000     0    0.0000
 [5,]    4    3    4 0.7500000  6900 1725.00000    4    0    0 0.0000000     0    0.0000
 [6,]    5    1    9 0.1111111 -3580 -397.77778    5    0    2 0.0000000 -1600 -800.0000
 [7,]    6    7   10 0.7000000 10890 1089.00000    6    1    1 1.0000000  2420 2420.0000
 [8,]    7    9   22 0.4090909  7820  355.45455    7    1    7 0.1428571 -3980 -568.5714
 [9,]    8    5   11 0.4545455   380   34.54545    8    2    3 0.6666667   550  183.3333
[10,]    9    2    6 0.3333333   400   66.66667    9    0    1 0.0000000  -800 -800.0000
[11,]   10    1    2 0.5000000  1000  500.00000   10    1    1 1.0000000  1800 1800.0000
[12,]   11    0    0 0.0000000     0    0.00000   11    0    0 0.0000000     0    0.0000
[13,]   12    0    0 0.0000000     0    0.00000   12    0    0 0.0000000     0    0.0000
[14,]   13    0    0 0.0000000     0    0.00000   13    0    0 0.0000000     0    0.0000
[15,]   14    0    0 0.0000000     0    0.00000   14    0    0 0.0000000     0    0.0000
[16,]   15    0    0 0.0000000     0    0.00000   15    0    0 0.0000000     0    0.0000
[17,]    0    0    0 0.0000000     0    0.00000    0    0    0 0.0000000     0    0.0000
[18,]    0    0    0 0.0000000     0    0.00000    0    0    0 0.0000000     0    0.0000
[19,]    0    0    0 0.0000000     0    0.00000    0    0    0 0.0000000     0    0.0000
[20,]    0    0    0 0.0000000     0    0.00000    0    0    0 0.0000000     0    0.0000
[21,]    0    0    0 0.0000000     0    0.00000    0    0    0 0.0000000     0    0.0000
[22,]    0    0    0 0.0000000     0    0.00000    0    0    0 0.0000000     0    0.0000
[23,]    0    0    0 0.0000000     0    0.00000    0    0    0 0.0000000     0    0.0000
[24,]    0    0    0 0.0000000     0    0.00000    0    0    0 0.0000000     0    0.0000
[25,]    0    0    0 0.0000000     0    0.00000    0    0    0 0.0000000     0    0.0000
[26,]    0    0    0 0.0000000     0    0.00000    0    0    0 0.0000000     0    0.0000
[27,]    0    0    0 0.0000000     0    0.00000    0    0    0 0.0000000     0    0.0000
[28,]    0    0    0 0.0000000     0    0.00000    0    0    0 0.0000000     0    0.0000
[29,]    0    0    0 0.0000000     0    0.00000    0    0    0 0.0000000     0    0.0000
[30,]    0    0    0 0.0000000     0    0.00000    0    0    0 0.0000000     0    0.0000
[1] 23810
[1] -1610
[1] "<-----------馬複不人気順4番   開始範囲:終了範囲= 0 :倍率= 200倍"
      [,1] [,2] [,3]      [,4]  [,5]       [,6] [,7] [,8] [,9]     [,10] [,11]     [,12]
 [1,]    0    0    0 0.0000000     0    0.00000    0    0    0 0.0000000     0    0.0000
 [2,]    1    0    0 0.0000000     0    0.00000    1    0    0 0.0000000     0    0.0000
 [3,]    2    0    0 0.0000000     0    0.00000    2    0    0 0.0000000     0    0.0000
 [4,]    3    0    0 0.0000000     0    0.00000    3    0    0 0.0000000     0    0.0000
 [5,]    4    3    4 0.7500000  6900 1725.00000    4    0    0 0.0000000     0    0.0000
 [6,]    5    1    9 0.1111111 -3580 -397.77778    5    0    2 0.0000000 -1600 -800.0000
 [7,]    6    7   10 0.7000000 10890 1089.00000    6    1    1 1.0000000  2420 2420.0000
 [8,]    7    9   22 0.4090909  7820  355.45455    7    1    7 0.1428571 -3980 -568.5714
 [9,]    8    5   11 0.4545455   380   34.54545    8    2    3 0.6666667   550  183.3333
[10,]    9    2    6 0.3333333   400   66.66667    9    0    1 0.0000000  -800 -800.0000
[11,]   10    1    2 0.5000000  1000  500.00000   10    1    1 1.0000000  1800 1800.0000
[12,]   11    0    0 0.0000000     0    0.00000   11    0    0 0.0000000     0    0.0000
[13,]   12    0    0 0.0000000     0    0.00000   12    0    0 0.0000000     0    0.0000
[14,]   13    0    0 0.0000000     0    0.00000   13    0    0 0.0000000     0    0.0000
[15,]   14    0    0 0.0000000     0    0.00000   14    0    0 0.0000000     0    0.0000
[16,]   15    0    0 0.0000000     0    0.00000   15    0    0 0.0000000     0    0.0000
[17,]    0    0    0 0.0000000     0    0.00000    0    0    0 0.0000000     0    0.0000
[18,]    0    0    0 0.0000000     0    0.00000    0    0    0 0.0000000     0    0.0000
[19,]    0    0    0 0.0000000     0    0.00000    0    0    0 0.0000000     0    0.0000
[20,]    0    0    0 0.0000000     0    0.00000    0    0    0 0.0000000     0    0.0000
[21,]    0    0    0 0.0000000     0    0.00000    0    0    0 0.0000000     0    0.0000
[22,]    0    0    0 0.0000000     0    0.00000    0    0    0 0.0000000     0    0.0000
[23,]    0    0    0 0.0000000     0    0.00000    0    0    0 0.0000000     0    0.0000
[24,]    0    0    0 0.0000000     0    0.00000    0    0    0 0.0000000     0    0.0000
[25,]    0    0    0 0.0000000     0    0.00000    0    0    0 0.0000000     0    0.0000
[26,]    0    0    0 0.0000000     0    0.00000    0    0    0 0.0000000     0    0.0000
[27,]    0    0    0 0.0000000     0    0.00000    0    0    0 0.0000000     0    0.0000
[28,]    0    0    0 0.0000000     0    0.00000    0    0    0 0.0000000     0    0.0000
[29,]    0    0    0 0.0000000     0    0.00000    0    0    0 0.0000000     0    0.0000
[30,]    0    0    0 0.0000000     0    0.00000    0    0    0 0.0000000     0    0.0000
[31,]    0    0    0 0.0000000     0    0.00000    0    0    0 0.0000000     0    0.0000
[32,]    0    0    0 0.0000000     0    0.00000    0    0    0 0.0000000     0    0.0000
[33,]    0    0    0 0.0000000     0    0.00000    0    0    0 0.0000000     0    0.0000
[34,]    0    0    0 0.0000000     0    0.00000    0    0    0 0.0000000     0    0.0000
[35,]    0    0    0 0.0000000     0    0.00000    0    0    0 0.0000000     0    0.0000
[36,]    0    0    0 0.0000000     0    0.00000    0    0    0 0.0000000     0    0.0000
[37,]    0    0    0 0.0000000     0    0.00000    0    0    0 0.0000000     0    0.0000
[38,]    0    0    0 0.0000000     0    0.00000    0    0    0 0.0000000     0    0.0000
[39,]    0    0    0 0.0000000     0    0.00000    0    0    0 0.0000000     0    0.0000
[40,]    0    0    0 0.0000000     0    0.00000    0    0    0 0.0000000     0    0.0000
[41,]    0    0    0 0.0000000     0    0.00000    0    0    0 0.0000000     0    0.0000
[42,]    0    0    0 0.0000000     0    0.00000    0    0    0 0.0000000     0    0.0000
[43,]    0    0    0 0.0000000     0    0.00000    0    0    0 0.0000000     0    0.0000
[44,]    0    0    0 0.0000000     0    0.00000    0    0    0 0.0000000     0    0.0000
[45,]    0    0    0 0.0000000     0    0.00000    0    0    0 0.0000000     0    0.0000
[46,]    0    0    0 0.0000000     0    0.00000    0    0    0 0.0000000     0    0.0000
[47,]    0    0    0 0.0000000     0    0.00000    0    0    0 0.0000000     0    0.0000
[48,]    0    0    0 0.0000000     0    0.00000    0    0    0 0.0000000     0    0.0000
[49,]    0    0    0 0.0000000     0    0.00000    0    0    0 0.0000000     0    0.0000
[50,]    0    0    0 0.0000000     0    0.00000    0    0    0 0.0000000     0    0.0000
[1] 23810
[1] -1610
[1] "<-----------馬複不人気順19番   開始範囲:終了範囲= 0 :倍率= 20倍"
      [,1] [,2] [,3]      [,4]  [,5]       [,6] [,7] [,8] [,9]     [,10] [,11]     [,12]
 [1,]    0    0    0 0.0000000     0    0.00000    0    0    0 0.0000000     0    0.0000
 [2,]    1    0    0 0.0000000     0    0.00000    1    0    0 0.0000000     0    0.0000
 [3,]    2    0    0 0.0000000     0    0.00000    2    0    0 0.0000000     0    0.0000
 [4,]    3    0    0 0.0000000     0    0.00000    3    0    0 0.0000000     0    0.0000
 [5,]    4    3    4 0.7500000  6900 1725.00000    4    0    0 0.0000000     0    0.0000
 [6,]    5    1    9 0.1111111 -3580 -397.77778    5    0    2 0.0000000 -1600 -800.0000
 [7,]    6    7   10 0.7000000 10890 1089.00000    6    1    1 1.0000000  2420 2420.0000
 [8,]    7    9   22 0.4090909  7820  355.45455    7    1    7 0.1428571 -3980 -568.5714
 [9,]    8    5   11 0.4545455   380   34.54545    8    2    3 0.6666667   550  183.3333
[10,]    9    2    6 0.3333333   400   66.66667    9    0    1 0.0000000  -800 -800.0000
[11,]   10    1    2 0.5000000  1000  500.00000   10    1    1 1.0000000  1800 1800.0000
[12,]   11    0    0 0.0000000     0    0.00000   11    0    0 0.0000000     0    0.0000
[13,]   12    0    0 0.0000000     0    0.00000   12    0    0 0.0000000     0    0.0000
[14,]   13    0    0 0.0000000     0    0.00000   13    0    0 0.0000000     0    0.0000
[15,]   14    0    0 0.0000000     0    0.00000   14    0    0 0.0000000     0    0.0000
[16,]   15    0    0 0.0000000     0    0.00000   15    0    0 0.0000000     0    0.0000
[17,]    0    0    0 0.0000000     0    0.00000    0    0    0 0.0000000     0    0.0000
[18,]    0    0    0 0.0000000     0    0.00000    0    0    0 0.0000000     0    0.0000
[19,]    0    0    0 0.0000000     0    0.00000    0    0    0 0.0000000     0    0.0000
[20,]    0    0    0 0.0000000     0    0.00000    0    0    0 0.0000000     0    0.0000
[21,]    0    0    0 0.0000000     0    0.00000    0    0    0 0.0000000     0    0.0000
[22,]    0    0    0 0.0000000     0    0.00000    0    0    0 0.0000000     0    0.0000
[23,]    0    0    0 0.0000000     0    0.00000    0    0    0 0.0000000     0    0.0000
[24,]    0    0    0 0.0000000     0    0.00000    0    0    0 0.0000000     0    0.0000
[25,]    0    0    0 0.0000000     0    0.00000    0    0    0 0.0000000     0    0.0000
[26,]    0    0    0 0.0000000     0    0.00000    0    0    0 0.0000000     0    0.0000
[27,]    0    0    0 0.0000000     0    0.00000    0    0    0 0.0000000     0    0.0000
[28,]    0    0    0 0.0000000     0    0.00000    0    0    0 0.0000000     0    0.0000
[29,]    0    0    0 0.0000000     0    0.00000    0    0    0 0.0000000     0    0.0000
[30,]    0    0    0 0.0000000     0    0.00000    0    0    0 0.0000000     0    0.0000
[31,]    0    0    0 0.0000000     0    0.00000    0    0    0 0.0000000     0    0.0000
[32,]    0    0    0 0.0000000     0    0.00000    0    0    0 0.0000000     0    0.0000
[33,]    0    0    0 0.0000000     0    0.00000    0    0    0 0.0000000     0    0.0000
[34,]    0    0    0 0.0000000     0    0.00000    0    0    0 0.0000000     0    0.0000
[35,]    0    0    0 0.0000000     0    0.00000    0    0    0 0.0000000     0    0.0000
[36,]    0    0    0 0.0000000     0    0.00000    0    0    0 0.0000000     0    0.0000
[37,]    0    0    0 0.0000000     0    0.00000    0    0    0 0.0000000     0    0.0000
[38,]    0    0    0 0.0000000     0    0.00000    0    0    0 0.0000000     0    0.0000
[39,]    0    0    0 0.0000000     0    0.00000    0    0    0 0.0000000     0    0.0000
[40,]    0    0    0 0.0000000     0    0.00000    0    0    0 0.0000000     0    0.0000
[41,]    0    0    0 0.0000000     0    0.00000    0    0    0 0.0000000     0    0.0000
[42,]    0    0    0 0.0000000     0    0.00000    0    0    0 0.0000000     0    0.0000
[43,]    0    0    0 0.0000000     0    0.00000    0    0    0 0.0000000     0    0.0000
[44,]    0    0    0 0.0000000     0    0.00000    0    0    0 0.0000000     0    0.0000
[45,]    0    0    0 0.0000000     0    0.00000    0    0    0 0.0000000     0    0.0000
[46,]    0    0    0 0.0000000     0    0.00000    0    0    0 0.0000000     0    0.0000
[47,]    0    0    0 0.0000000     0    0.00000    0    0    0 0.0000000     0    0.0000
[48,]    0    0    0 0.0000000     0    0.00000    0    0    0 0.0000000     0    0.0000
[49,]    0    0    0 0.0000000     0    0.00000    0    0    0 0.0000000     0    0.0000
[50,]    0    0    0 0.0000000     0    0.00000    0    0    0 0.0000000     0    0.0000
[1] 23810
[1] -1610
