[1] "<-----------1"
      [,1] [,2] [,3]       [,4]     [,5]       [,6]
 [1,] 0.00  298 2706 0.11012565 -1659190  -613.1523
 [2,] 0.05    0    0 0.00000000        0     0.0000
 [3,] 0.10    0    0 0.00000000        0     0.0000
 [4,] 0.15    0    1 0.00000000    -1400 -1400.0000
 [5,] 0.20    0    0 0.00000000        0     0.0000
 [6,] 0.25    0    0 0.00000000        0     0.0000
 [7,] 0.30    0    0 0.00000000        0     0.0000
 [8,] 0.35    0    0 0.00000000        0     0.0000
 [9,] 0.40    0    0 0.00000000        0     0.0000
[10,] 0.45    0    1 0.00000000    -1400 -1400.0000
[11,] 0.50    0    0 0.00000000        0     0.0000
[12,] 0.55    0    0 0.00000000        0     0.0000
[13,] 0.60    0    0 0.00000000        0     0.0000
[14,] 0.65    0    0 0.00000000        0     0.0000
[15,] 0.70    0    2 0.00000000    -2800 -1400.0000
[16,] 0.75    0    1 0.00000000    -1400 -1400.0000
[17,] 0.80    0    3 0.00000000    -4200 -1400.0000
[18,] 0.85    1    4 0.25000000     7770  1942.5000
[19,] 0.90    2   17 0.11764706   -10600  -623.5294
[20,] 0.95    2    5 0.40000000     3260   652.0000
[21,] 1.00    9   56 0.16071429   -17990  -321.2500
[22,] 1.10    9   60 0.15000000   -11290  -188.1667
[23,] 1.20   10   66 0.15151515   -23680  -358.7879
[24,] 1.30    7   51 0.13725490   -23290  -456.6667
[25,] 1.40    4   55 0.07272727   -55610 -1011.0909
[26,] 1.50    9   51 0.17647059   -18760  -367.8431
[27,] 1.60    5   46 0.10869565   -31260  -679.5652
[28,] 1.70    2   23 0.08695652   -20470  -890.0000
[29,] 1.80    1   24 0.04166667   -23440  -976.6667
[30,] 1.90    2   23 0.08695652   -16930  -736.0870
[31,] 2.00    4   48 0.08333333   -41060  -855.4167
[32,] 2.25    3   20 0.15000000   -14220  -711.0000
[33,] 2.50    5   15 0.33333333     5300   353.3333
[34,] 2.75    1   14 0.07142857   -13970  -997.8571
[35,] 3.00    0   12 0.00000000   -16800 -1400.0000
[36,] 3.25    0    1 0.00000000    -1400 -1400.0000
[37,] 3.50    0    2 0.00000000    -2800 -1400.0000
[38,] 3.75    1    2 0.50000000     1030   515.0000
[39,] 4.00    1    2 0.50000000     3740  1870.0000
[40,] 4.25    0    1 0.00000000    -1400 -1400.0000
[1] "<-----------2"
      [,1] [,2] [,3]       [,4]     [,5]        [,6]
 [1,] 0.00  199 1966 0.10122075 -1273070  -647.54323
 [2,] 0.05    0    0 0.00000000        0     0.00000
 [3,] 0.10    0    0 0.00000000        0     0.00000
 [4,] 0.15    0    1 0.00000000    -1400 -1400.00000
 [5,] 0.20    0    1 0.00000000    -1400 -1400.00000
 [6,] 0.25    0    4 0.00000000    -5600 -1400.00000
 [7,] 0.30    0    8 0.00000000   -11200 -1400.00000
 [8,] 0.35    2   12 0.16666667    -3120  -260.00000
 [9,] 0.40    2   18 0.11111111   -11640  -646.66667
[10,] 0.45    1   19 0.05263158   -22350 -1176.31579
[11,] 0.50    4   38 0.10526316   -28610  -752.89474
[12,] 0.55    2   37 0.05405405   -43820 -1184.32432
[13,] 0.60    7   53 0.13207547   -14030  -264.71698
[14,] 0.65   11   71 0.15492958   -34790  -490.00000
[15,] 0.70    6   74 0.08108108   -65970  -891.48649
[16,] 0.75   11   54 0.20370370   -10020  -185.55556
[17,] 0.80    4   46 0.08695652   -49170 -1068.91304
[18,] 0.85    7   57 0.12280702   -31360  -550.17544
[19,] 0.90    8   52 0.15384615   -25920  -498.46154
[20,] 0.95    4   45 0.08888889   -38420  -853.77778
[21,] 1.00   15  100 0.15000000   -48060  -480.60000
[22,] 1.10   18  100 0.18000000   -22780  -227.80000
[23,] 1.20   14   79 0.17721519   -13290  -168.22785
[24,] 1.30   18   92 0.19565217   -18460  -200.65217
[25,] 1.40   10   63 0.15873016   -29310  -465.23810
[26,] 1.50    2   55 0.03636364   -45370  -824.90909
[27,] 1.60    7   34 0.20588235    14470   425.58824
[28,] 1.70    1   29 0.03448276   -34340 -1184.13793
[29,] 1.80    3   28 0.10714286    -7990  -285.35714
[30,] 1.90    5   23 0.21739130     1480    64.34783
[31,] 2.00    8   54 0.14814815   -36640  -678.51852
[32,] 2.25    1   30 0.03333333   -35100 -1170.00000
[33,] 2.50    3   29 0.10344828   -21920  -755.86207
[34,] 2.75    1   12 0.08333333    -8220  -685.00000
[35,] 3.00    1   14 0.07142857   -12880  -920.00000
[36,] 3.25    1    7 0.14285714      900   128.57143
[37,] 3.50    1    4 0.25000000    -2960  -740.00000
[38,] 3.75    0    1 0.00000000    -1400 -1400.00000
[39,] 4.00    0    3 0.00000000    -4200 -1400.00000
[40,] 4.25    0    2 0.00000000    -2800 -1400.00000
[1] "<-----------3"
      [,1] [,2] [,3]       [,4]    [,5]        [,6]
 [1,] 0.00  167 1586 0.10529634 -966780  -609.57125
 [2,] 0.05    0    1 0.00000000   -1400 -1400.00000
 [3,] 0.10    0    2 0.00000000   -2800 -1400.00000
 [4,] 0.15    0    1 0.00000000   -1400 -1400.00000
 [5,] 0.20    0    5 0.00000000   -7000 -1400.00000
 [6,] 0.25    0   12 0.00000000  -16800 -1400.00000
 [7,] 0.30    1   15 0.06666667  -15850 -1056.66667
 [8,] 0.35    3   23 0.13043478    1480    64.34783
 [9,] 0.40    4   36 0.11111111  -12810  -355.83333
[10,] 0.45    6   45 0.13333333  -10170  -226.00000
[11,] 0.50    6   48 0.12500000  -37520  -781.66667
[12,] 0.55    3   71 0.04225352  -80740 -1137.18310
[13,] 0.60   10   58 0.17241379  -12980  -223.79310
[14,] 0.65    8   80 0.10000000  -64120  -801.50000
[15,] 0.70   14   88 0.15909091  -20610  -234.20455
[16,] 0.75   12   94 0.12765957  -71440  -760.00000
[17,] 0.80   10   77 0.12987013  -36120  -469.09091
[18,] 0.85    8   77 0.10389610  -67140  -871.94805
[19,] 0.90   11   77 0.14285714  -17940  -232.98701
[20,] 0.95    8   55 0.14545455  -30620  -556.72727
[21,] 1.00   16  109 0.14678899  -42910  -393.66972
[22,] 1.10   12  101 0.11881188  -61880  -612.67327
[23,] 1.20   10   99 0.10101010  -85320  -861.81818
[24,] 1.30   17   92 0.18478261  -27210  -295.76087
[25,] 1.40   10   72 0.13888889  -24700  -343.05556
[26,] 1.50   11   74 0.14864865  -45930  -620.67568
[27,] 1.60    7   48 0.14583333   -1820   -37.91667
[28,] 1.70    3   34 0.08823529  -33490  -985.00000
[29,] 1.80    4   37 0.10810811  -33530  -906.21622
[30,] 1.90    1   25 0.04000000  -28740 -1149.60000
[31,] 2.00    6   62 0.09677419  -48840  -787.74194
[32,] 2.25    3   31 0.09677419  -21240  -685.16129
[33,] 2.50    4   21 0.19047619    8930   425.23810
[34,] 2.75    0   20 0.00000000  -28000 -1400.00000
[35,] 3.00    3   14 0.21428571    -530   -37.85714
[36,] 3.25    0    5 0.00000000   -7000 -1400.00000
[37,] 3.50    0    8 0.00000000  -11200 -1400.00000
[38,] 3.75    0    1 0.00000000   -1400 -1400.00000
[39,] 4.00    0    2 0.00000000   -2800 -1400.00000
[40,] 4.25    0    1 0.00000000   -1400 -1400.00000
[1] "<-----------4"
      [,1] [,2] [,3]       [,4]    [,5]        [,6]
 [1,] 0.00  166 1425 0.11649123 -777750  -545.78947
 [2,] 0.05    1    2 0.50000000    3920  1960.00000
 [3,] 0.10    0    0 0.00000000       0     0.00000
 [4,] 0.15    0    3 0.00000000   -4200 -1400.00000
 [5,] 0.20    0    4 0.00000000   -5600 -1400.00000
 [6,] 0.25    2   15 0.13333333   -3330  -222.00000
 [7,] 0.30    1   22 0.04545455  -22600 -1027.27273
 [8,] 0.35    3   44 0.06818182  -45880 -1042.72727
 [9,] 0.40    6   39 0.15384615  -11230  -287.94872
[10,] 0.45    7   33 0.21212121    4960   150.30303
[11,] 0.50    5   73 0.06849315  -61440  -841.64384
[12,] 0.55    7   69 0.10144928  -29070  -421.30435
[13,] 0.60    7   81 0.08641975  -73230  -904.07407
[14,] 0.65    8   91 0.08791209  -70870  -778.79121
[15,] 0.70   10   64 0.15625000  -30410  -475.15625
[16,] 0.75    8   91 0.08791209  -58450  -642.30769
[17,] 0.80   16   87 0.18390805    4710    54.13793
[18,] 0.85    6   87 0.06896552  -83700  -962.06897
[19,] 0.90    9   63 0.14285714  -53880  -855.23810
[20,] 0.95    7   68 0.10294118  -55410  -814.85294
[21,] 1.00   13  125 0.10400000  -84470  -675.76000
[22,] 1.10   16  119 0.13445378  -70680  -593.94958
[23,] 1.20   12   99 0.12121212  -65790  -664.54545
[24,] 1.30   15  105 0.14285714  -41790  -398.00000
[25,] 1.40   10   72 0.13888889  -28900  -401.38889
[26,] 1.50    5   56 0.08928571  -52530  -938.03571
[27,] 1.60   10   62 0.16129032  -36700  -591.93548
[28,] 1.70    6   43 0.13953488  -18990  -441.62791
[29,] 1.80    5   36 0.13888889  -22540  -626.11111
[30,] 1.90    4   43 0.09302326  -29010  -674.65116
[31,] 2.00    7   55 0.12727273  -25070  -455.81818
[32,] 2.25    4   45 0.08888889  -17600  -391.11111
[33,] 2.50    2   28 0.07142857  -25460  -909.28571
[34,] 2.75    0   19 0.00000000  -26600 -1400.00000
[35,] 3.00    0   12 0.00000000  -16800 -1400.00000
[36,] 3.25    0   16 0.00000000  -22400 -1400.00000
[37,] 3.50    0    2 0.00000000   -2800 -1400.00000
[38,] 3.75    1    7 0.14285714   -4450  -635.71429
[39,] 4.00    0    0 0.00000000       0     0.00000
[40,] 4.25    0    5 0.00000000   -7000 -1400.00000
[1] "<-----------5"
      [,1] [,2] [,3]       [,4]    [,5]        [,6]
 [1,] 0.00  175 1383 0.12653651 -654400  -473.17426
 [2,] 0.05    0    1 0.00000000   -1400 -1400.00000
 [3,] 0.10    0    3 0.00000000   -4200 -1400.00000
 [4,] 0.15    0    3 0.00000000   -4200 -1400.00000
 [5,] 0.20    0   10 0.00000000  -14000 -1400.00000
 [6,] 0.25    2   17 0.11764706  -11520  -677.64706
 [7,] 0.30    2   20 0.10000000   -4290  -214.50000
 [8,] 0.35    5   38 0.13157895  -16930  -445.52632
 [9,] 0.40    4   44 0.09090909  -39000  -886.36364
[10,] 0.45    3   48 0.06250000  -48070 -1001.45833
[11,] 0.50    6   63 0.09523810  -56670  -899.52381
[12,] 0.55    8   71 0.11267606  -53170  -748.87324
[13,] 0.60    7   63 0.11111111  -48880  -775.87302
[14,] 0.65   11   85 0.12941176  -52810  -621.29412
[15,] 0.70   12   89 0.13483146  -43350  -487.07865
[16,] 0.75    8   77 0.10389610  -51720  -671.68831
[17,] 0.80   12   85 0.14117647  -47230  -555.64706
[18,] 0.85   10   80 0.12500000  -28970  -362.12500
[19,] 0.90    6   75 0.08000000  -71030  -947.06667
[20,] 0.95    4   50 0.08000000  -45630  -912.60000
[21,] 1.00   13  126 0.10317460 -100850  -800.39683
[22,] 1.10   15  140 0.10714286 -118340  -845.28571
[23,] 1.20   21  111 0.18918919    2740    24.68468
[24,] 1.30   11   76 0.14473684   -2080   -27.36842
[25,] 1.40    8   91 0.08791209  -85890  -943.84615
[26,] 1.50    4   66 0.06060606  -45590  -690.75758
[27,] 1.60    7   48 0.14583333  -11490  -239.37500
[28,] 1.70    3   42 0.07142857  -41520  -988.57143
[29,] 1.80    5   34 0.14705882  -20270  -596.17647
[30,] 1.90    5   31 0.16129032   -8040  -259.35484
[31,] 2.00    3   67 0.04477612  -63240  -943.88060
[32,] 2.25    6   45 0.13333333  -27260  -605.77778
[33,] 2.50    1   35 0.02857143  -45760 -1307.42857
[34,] 2.75    1   27 0.03703704  -31190 -1155.18519
[35,] 3.00    0   16 0.00000000  -22400 -1400.00000
[36,] 3.25    1   19 0.05263158  -10990  -578.42105
[37,] 3.50    0   10 0.00000000  -14000 -1400.00000
[38,] 3.75    0    8 0.00000000  -11200 -1400.00000
[39,] 4.00    0    4 0.00000000   -5600 -1400.00000
[40,] 4.25    0    3 0.00000000   -4200 -1400.00000
[1] "<-----------6"
      [,1] [,2] [,3]       [,4]    [,5]       [,6]
 [1,] 0.00  153 1357 0.11274871 -803540  -592.1444
 [2,] 0.05    0    0 0.00000000       0     0.0000
 [3,] 0.10    1    3 0.33333333   -1560  -520.0000
 [4,] 0.15    1    9 0.11111111   -9670 -1074.4444
 [5,] 0.20    0    7 0.00000000   -9800 -1400.0000
 [6,] 0.25    1   15 0.06666667  -18510 -1234.0000
 [7,] 0.30    0   20 0.00000000  -28000 -1400.0000
 [8,] 0.35    7   36 0.19444444   15380   427.2222
 [9,] 0.40    6   33 0.18181818    5560   168.4848
[10,] 0.45    5   61 0.08196721  -55660  -912.4590
[11,] 0.50    3   66 0.04545455  -72200 -1093.9394
[12,] 0.55   12   65 0.18461538  -14050  -216.1538
[13,] 0.60    5   63 0.07936508  -50020  -793.9683
[14,] 0.65    4   79 0.05063291  -84650 -1071.5190
[15,] 0.70   11   81 0.13580247  -39600  -488.8889
[16,] 0.75    6   88 0.06818182  -91540 -1040.2273
[17,] 0.80   17   83 0.20481928  -13640  -164.3373
[18,] 0.85    9   70 0.12857143  -30290  -432.7143
[19,] 0.90   10   69 0.14492754  -31670  -458.9855
[20,] 0.95   13   61 0.21311475  -14740  -241.6393
[21,] 1.00   23  132 0.17424242  -52520  -397.8788
[22,] 1.10   10  113 0.08849558  -90470  -800.6195
[23,] 1.20   13  104 0.12500000  -45250  -435.0962
[24,] 1.30   14   99 0.14141414  -38680  -390.7071
[25,] 1.40   13   87 0.14942529  -32910  -378.2759
[26,] 1.50    4   78 0.05128205  -81690 -1047.3077
[27,] 1.60    8   50 0.16000000   15820   316.4000
[28,] 1.70    3   39 0.07692308  -28800  -738.4615
[29,] 1.80    6   41 0.14634146  -17690  -431.4634
[30,] 1.90    8   49 0.16326531   -9880  -201.6327
[31,] 2.00    6   66 0.09090909  -52520  -795.7576
[32,] 2.25    2   59 0.03389831  -36360  -616.2712
[33,] 2.50    1   29 0.03448276  -36700 -1265.5172
[34,] 2.75    2   29 0.06896552  -31810 -1096.8966
[35,] 3.00    2   23 0.08695652  -20980  -912.1739
[36,] 3.25    0    8 0.00000000  -11200 -1400.0000
[37,] 3.50    0   12 0.00000000  -16800 -1400.0000
[38,] 3.75    0    9 0.00000000  -12600 -1400.0000
[39,] 4.00    0   11 0.00000000  -15400 -1400.0000
[40,] 4.25    0    3 0.00000000   -4200 -1400.0000
[1] "<-----------7"
      [,1] [,2] [,3]       [,4]    [,5]       [,6]
 [1,] 0.00  164 1451 0.11302550 -893530  -615.8029
 [2,] 0.05    0    0 0.00000000       0     0.0000
 [3,] 0.10    0    8 0.00000000  -11200 -1400.0000
 [4,] 0.15    0    5 0.00000000   -7000 -1400.0000
 [5,] 0.20    2   18 0.11111111  -16280  -904.4444
 [6,] 0.25    2   26 0.07692308   -9670  -371.9231
 [7,] 0.30    2   20 0.10000000   -9790  -489.5000
 [8,] 0.35    4   32 0.12500000  -17250  -539.0625
 [9,] 0.40    2   38 0.05263158  -22350  -588.1579
[10,] 0.45    4   41 0.09756098  -26800  -653.6585
[11,] 0.50    8   56 0.14285714  -24850  -443.7500
[12,] 0.55    9   59 0.15254237   -8410  -142.5424
[13,] 0.60    6   57 0.10526316  -33330  -584.7368
[14,] 0.65    4   67 0.05970149  -62800  -937.3134
[15,] 0.70    7   66 0.10606061  -51140  -774.8485
[16,] 0.75    4   71 0.05633803  -80880 -1139.1549
[17,] 0.80    8   63 0.12698413  -42340  -672.0635
[18,] 0.85   10   64 0.15625000  -28370  -443.2812
[19,] 0.90   11   63 0.17460317  -24990  -396.6667
[20,] 0.95   13   67 0.19402985   -9350  -139.5522
[21,] 1.00   21  143 0.14685315  -42860  -299.7203
[22,] 1.10    9   95 0.09473684  -85500  -900.0000
[23,] 1.20   18  118 0.15254237  -53140  -450.3390
[24,] 1.30   11   90 0.12222222  -67140  -746.0000
[25,] 1.40   12   89 0.13483146  -23640  -265.6180
[26,] 1.50   10   68 0.14705882  -25570  -376.0294
[27,] 1.60    6   68 0.08823529  -39840  -585.8824
[28,] 1.70    9   59 0.15254237   -9080  -153.8983
[29,] 1.80    1   32 0.03125000  -40690 -1271.5625
[30,] 1.90    0   26 0.00000000  -36400 -1400.0000
[31,] 2.00    6   74 0.08108108  -56520  -763.7838
[32,] 2.25    6   49 0.12244898  -22600  -461.2245
[33,] 2.50    4   38 0.10526316  -35410  -931.8421
[34,] 2.75    2   26 0.07692308  -19130  -735.7692
[35,] 3.00    0   19 0.00000000  -26600 -1400.0000
[36,] 3.25    0   14 0.00000000  -19600 -1400.0000
[37,] 3.50    0    9 0.00000000  -12600 -1400.0000
[38,] 3.75    0    5 0.00000000   -7000 -1400.0000
[39,] 4.00    0   11 0.00000000  -15400 -1400.0000
[40,] 4.25    0    3 0.00000000   -4200 -1400.0000
[1] "<-----------8"
      [,1] [,2] [,3]       [,4]     [,5]        [,6]
 [1,] 0.00  158 1673 0.09444112 -1285770  -768.54154
 [2,] 0.05    0    3 0.00000000    -4200 -1400.00000
 [3,] 0.10    0    4 0.00000000    -5600 -1400.00000
 [4,] 0.15    0    8 0.00000000   -11200 -1400.00000
 [5,] 0.20    5   10 0.50000000    35230  3523.00000
 [6,] 0.25    2   18 0.11111111    13110   728.33333
 [7,] 0.30    1   23 0.04347826   -17170  -746.52174
 [8,] 0.35    5   40 0.12500000   -31230  -780.75000
 [9,] 0.40    4   30 0.13333333   -18490  -616.33333
[10,] 0.45    7   41 0.17073171    56590  1380.24390
[11,] 0.50    6   31 0.19354839   -11680  -376.77419
[12,] 0.55    3   34 0.08823529   -29800  -876.47059
[13,] 0.60    5   47 0.10638298   -32940  -700.85106
[14,] 0.65    5   51 0.09803922   -44280  -868.23529
[15,] 0.70    8   74 0.10810811   -52590  -710.67568
[16,] 0.75    5   62 0.08064516   -50960  -821.93548
[17,] 0.80   18   69 0.26086957    20440   296.23188
[18,] 0.85    8   70 0.11428571   -53890  -769.85714
[19,] 0.90   12   61 0.19672131   -10780  -176.72131
[20,] 0.95    9   53 0.16981132   -29390  -554.52830
[21,] 1.00   15  108 0.13888889   -57870  -535.83333
[22,] 1.10   20  103 0.19417476    -6900   -66.99029
[23,] 1.20   19  105 0.18095238    11780   112.19048
[24,] 1.30   11   82 0.13414634   -40990  -499.87805
[25,] 1.40   11   75 0.14666667   -49800  -664.00000
[26,] 1.50    9   57 0.15789474   -10100  -177.19298
[27,] 1.60    6   50 0.12000000   -34920  -698.40000
[28,] 1.70    5   46 0.10869565   -32530  -707.17391
[29,] 1.80    2   43 0.04651163   -39690  -923.02326
[30,] 1.90    3   35 0.08571429   -20430  -583.71429
[31,] 2.00    6   62 0.09677419   -26540  -428.06452
[32,] 2.25    2   46 0.04347826   -53560 -1164.34783
[33,] 2.50    2   25 0.08000000   -23720  -948.80000
[34,] 2.75    0   26 0.00000000   -36400 -1400.00000
[35,] 3.00    2   20 0.10000000   -11120  -556.00000
[36,] 3.25    0    8 0.00000000   -11200 -1400.00000
[37,] 3.50    3    6 0.50000000    21760  3626.66667
[38,] 3.75    1    6 0.16666667    12370  2061.66667
[39,] 4.00    0    3 0.00000000    -4200 -1400.00000
[40,] 4.25    0    5 0.00000000    -7000 -1400.00000
[1] "<-----------9"
      [,1] [,2] [,3]       [,4]     [,5]        [,6]
 [1,] 0.00  188 1976 0.09514170 -1389080  -702.97571
 [2,] 0.05    0    1 0.00000000    -1400 -1400.00000
 [3,] 0.10    0    1 0.00000000    -1400 -1400.00000
 [4,] 0.15    1    9 0.11111111    -8150  -905.55556
 [5,] 0.20    1    8 0.12500000    -5030  -628.75000
 [6,] 0.25    2   16 0.12500000   -15870  -991.87500
 [7,] 0.30    3   20 0.15000000   -11790  -589.50000
 [8,] 0.35    3   19 0.15789474    -8960  -471.57895
 [9,] 0.40    3   29 0.10344828    -7430  -256.20690
[10,] 0.45    8   36 0.22222222    20670   574.16667
[11,] 0.50    3   25 0.12000000   -18820  -752.80000
[12,] 0.55    6   48 0.12500000   -26640  -555.00000
[13,] 0.60    9   41 0.21951220    10020   244.39024
[14,] 0.65    2   42 0.04761905   -41890  -997.38095
[15,] 0.70   10   50 0.20000000    -4300   -86.00000
[16,] 0.75    5   47 0.10638298   -20590  -438.08511
[17,] 0.80   13   69 0.18840580   -16570  -240.14493
[18,] 0.85    8   54 0.14814815   -25540  -472.96296
[19,] 0.90    1   38 0.02631579   -46200 -1215.78947
[20,] 0.95    9   43 0.20930233    -4640  -107.90698
[21,] 1.00   10   91 0.10989011   -62000  -681.31868
[22,] 1.10   15   83 0.18072289   -18040  -217.34940
[23,] 1.20   10   70 0.14285714   -21420  -306.00000
[24,] 1.30   14   74 0.18918919    -8170  -110.40541
[25,] 1.40    8   48 0.16666667   -21990  -458.12500
[26,] 1.50    7   57 0.12280702   -39770  -697.71930
[27,] 1.60    4   40 0.10000000   -39440  -986.00000
[28,] 1.70    8   37 0.21621622      750    20.27027
[29,] 1.80    4   36 0.11111111   -33960  -943.33333
[30,] 1.90    1   26 0.03846154   -26850 -1032.69231
[31,] 2.00   11   62 0.17741935   -12510  -201.77419
[32,] 2.25    2   33 0.06060606   -27200  -824.24242
[33,] 2.50    4   25 0.16000000   -10820  -432.80000
[34,] 2.75    1   21 0.04761905   -23870 -1136.66667
[35,] 3.00    1   15 0.06666667   -17320 -1154.66667
[36,] 3.25    1    7 0.14285714    -2900  -414.28571
[37,] 3.50    1    8 0.12500000     3960   495.00000
[38,] 3.75    0    4 0.00000000    -5600 -1400.00000
[39,] 4.00    0    2 0.00000000    -2800 -1400.00000
[40,] 4.25    1    5 0.20000000     1420   284.00000
[1] "<-----------10"
      [,1] [,2] [,3]       [,4]     [,5]        [,6]
 [1,] 0.00  227 2391 0.09493936 -1682190  -703.55082
 [2,] 0.05    1    2 0.50000000     2390  1195.00000
 [3,] 0.10    0    5 0.00000000    -7000 -1400.00000
 [4,] 0.15    0    2 0.00000000    -2800 -1400.00000
 [5,] 0.20    2    8 0.25000000    -1960  -245.00000
 [6,] 0.25    1    8 0.12500000    -5100  -637.50000
 [7,] 0.30    1   11 0.09090909    -8740  -794.54545
 [8,] 0.35    0   16 0.00000000   -22400 -1400.00000
 [9,] 0.40    2   15 0.13333333   -12350  -823.33333
[10,] 0.45    5   21 0.23809524     4310   205.23810
[11,] 0.50    1   25 0.04000000   -28120 -1124.80000
[12,] 0.55    2   26 0.07692308   -28620 -1100.76923
[13,] 0.60    2   25 0.08000000   -19230  -769.20000
[14,] 0.65    5   33 0.15151515   -19030  -576.66667
[15,] 0.70    2   34 0.05882353   -39340 -1157.05882
[16,] 0.75   10   39 0.25641026    11300   289.74359
[17,] 0.80    8   38 0.21052632    12220   321.57895
[18,] 0.85   12   43 0.27906977    11810   274.65116
[19,] 0.90    5   32 0.15625000   -15150  -473.43750
[20,] 0.95    7   37 0.18918919     4120   111.35135
[21,] 1.00    5   58 0.08620690   -37650  -649.13793
[22,] 1.10   11   72 0.15277778   -38820  -539.16667
[23,] 1.20   14   62 0.22580645    -9600  -154.83871
[24,] 1.30   14   61 0.22950820    15240   249.83607
[25,] 1.40    7   34 0.20588235    -2000   -58.82353
[26,] 1.50    8   37 0.21621622    -2720   -73.51351
[27,] 1.60    7   30 0.23333333     4640   154.66667
[28,] 1.70    6   25 0.24000000    -4150  -166.00000
[29,] 1.80    3   18 0.16666667    -8720  -484.44444
[30,] 1.90    2   24 0.08333333     2330    97.08333
[31,] 2.00    5   33 0.15151515   -21590  -654.24242
[32,] 2.25    2   19 0.10526316   -13950  -734.21053
[33,] 2.50    1   16 0.06250000   -15860  -991.25000
[34,] 2.75    0    4 0.00000000    -5600 -1400.00000
[35,] 3.00    0    5 0.00000000    -7000 -1400.00000
[36,] 3.25    0    5 0.00000000    -7000 -1400.00000
[37,] 3.50    0    3 0.00000000    -4200 -1400.00000
[38,] 3.75    1    2 0.50000000    16890  8445.00000
[39,] 4.00    0    0 0.00000000        0     0.00000
[40,] 4.25    0    2 0.00000000    -2800 -1400.00000
[1] "<-----------11"
      [,1] [,2] [,3]       [,4]     [,5]       [,6]
 [1,] 0.00  265 2721 0.09739067 -1830740  -672.8188
 [2,] 0.05    0    0 0.00000000        0     0.0000
 [3,] 0.10    0    1 0.00000000    -1400 -1400.0000
 [4,] 0.15    0    0 0.00000000        0     0.0000
 [5,] 0.20    1    4 0.25000000     1280   320.0000
 [6,] 0.25    0    6 0.00000000    -8400 -1400.0000
 [7,] 0.30    3    7 0.42857143     6070   867.1429
 [8,] 0.35    1    9 0.11111111    -5090  -565.5556
 [9,] 0.40    1    9 0.11111111    -4750  -527.7778
[10,] 0.45    2    8 0.25000000    -5210  -651.2500
[11,] 0.50    4   15 0.26666667      960    64.0000
[12,] 0.55    2   17 0.11764706   -11000  -647.0588
[13,] 0.60    4   16 0.25000000      180    11.2500
[14,] 0.65    5   28 0.17857143   -14330  -511.7857
[15,] 0.70    4   22 0.18181818    -5940  -270.0000
[16,] 0.75    7   20 0.35000000    16450   822.5000
[17,] 0.80    7   33 0.21212121    -5710  -173.0303
[18,] 0.85    4   21 0.19047619     4920   234.2857
[19,] 0.90    5   24 0.20833333    -5100  -212.5000
[20,] 0.95    4   20 0.20000000    -6610  -330.5000
[21,] 1.00    6   47 0.12765957   -24560  -522.5532
[22,] 1.10    8   50 0.16000000   -29970  -599.4000
[23,] 1.20    8   35 0.22857143    10720   306.2857
[24,] 1.30   10   42 0.23809524     5160   122.8571
[25,] 1.40    2   15 0.13333333   -10500  -700.0000
[26,] 1.50    6   28 0.21428571    -5380  -192.1429
[27,] 1.60    7   22 0.31818182     5050   229.5455
[28,] 1.70    2   24 0.08333333   -25570 -1065.4167
[29,] 1.80    4   19 0.21052632    -8450  -444.7368
[30,] 1.90    2   10 0.20000000    -2500  -250.0000
[31,] 2.00    2   14 0.14285714    -7440  -531.4286
[32,] 2.25    0   11 0.00000000   -15400 -1400.0000
[33,] 2.50    1    9 0.11111111     7090   787.7778
[34,] 2.75    1    5 0.20000000    -2910  -582.0000
[35,] 3.00    0    6 0.00000000    -8400 -1400.0000
[36,] 3.25    0    3 0.00000000    -4200 -1400.0000
[37,] 3.50    0    1 0.00000000    -1400 -1400.0000
[38,] 3.75    0    2 0.00000000    -2800 -1400.0000
[39,] 4.00    0    0 0.00000000        0     0.0000
[40,] 4.25    0    0 0.00000000        0     0.0000
[1] "<-----------12"
      [,1] [,2] [,3]      [,4]     [,5]        [,6]
 [1,] 0.00  302 2954 0.1022343 -1920710  -650.20650
 [2,] 0.05    0    0 0.0000000        0     0.00000
 [3,] 0.10    0    0 0.0000000        0     0.00000
 [4,] 0.15    0    2 0.0000000    -2800 -1400.00000
 [5,] 0.20    0    6 0.0000000    -8400 -1400.00000
 [6,] 0.25    0    2 0.0000000    -2800 -1400.00000
 [7,] 0.30    0    4 0.0000000    -5600 -1400.00000
 [8,] 0.35    2    8 0.2500000     1940   242.50000
 [9,] 0.40    4   10 0.4000000     9440   944.00000
[10,] 0.45    2    8 0.2500000     7920   990.00000
[11,] 0.50    3   11 0.2727273     3050   277.27273
[12,] 0.55    3   17 0.1764706    -8590  -505.29412
[13,] 0.60    5   15 0.3333333    20630  1375.33333
[14,] 0.65    3   15 0.2000000     5030   335.33333
[15,] 0.70    4   14 0.2857143      520    37.14286
[16,] 0.75    4   15 0.2666667     1610   107.33333
[17,] 0.80    3   16 0.1875000    -8130  -508.12500
[18,] 0.85    6   17 0.3529412     3130   184.11765
[19,] 0.90    4   20 0.2000000    -1220   -61.00000
[20,] 0.95    6   17 0.3529412     5970   351.17647
[21,] 1.00    3   25 0.1200000   -23200  -928.00000
[22,] 1.10    4   34 0.1176471   -24370  -716.76471
[23,] 1.20    5   17 0.2941176     2400   141.17647
[24,] 1.30    6   25 0.2400000     2190    87.60000
[25,] 1.40    3   21 0.1428571   -14610  -695.71429
[26,] 1.50    2   18 0.1111111    -8350  -463.88889
[27,] 1.60    1    8 0.1250000    -8200 -1025.00000
[28,] 1.70    2   11 0.1818182    -7010  -637.27273
[29,] 1.80    0    6 0.0000000    -8400 -1400.00000
[30,] 1.90    0    1 0.0000000    -1400 -1400.00000
[31,] 2.00    1    6 0.1666667    -5160  -860.00000
[32,] 2.25    0    0 0.0000000        0     0.00000
[33,] 2.50    0    2 0.0000000    -2800 -1400.00000
[34,] 2.75    1    1 1.0000000     2480  2480.00000
[35,] 3.00    0    0 0.0000000        0     0.00000
[36,] 3.25    0    0 0.0000000        0     0.00000
[37,] 3.50    0    0 0.0000000        0     0.00000
[38,] 3.75    0    0 0.0000000        0     0.00000
[39,] 4.00    0    0 0.0000000        0     0.00000
[40,] 4.25    0    0 0.0000000        0     0.00000
[1] "<-----------13"
      [,1] [,2] [,3]      [,4]     [,5]        [,6]
 [1,] 0.00  351 3189 0.1100659 -1949040  -611.17592
 [2,] 0.05    0    0 0.0000000        0     0.00000
 [3,] 0.10    0    0 0.0000000        0     0.00000
 [4,] 0.15    0    0 0.0000000        0     0.00000
 [5,] 0.20    0    1 0.0000000    -1400 -1400.00000
 [6,] 0.25    0    0 0.0000000        0     0.00000
 [7,] 0.30    1    1 1.0000000     2230  2230.00000
 [8,] 0.35    0    3 0.0000000    -4200 -1400.00000
 [9,] 0.40    0    1 0.0000000    -1400 -1400.00000
[10,] 0.45    2    4 0.5000000     2380   595.00000
[11,] 0.50    1    3 0.3333333      830   276.66667
[12,] 0.55    4    7 0.5714286    10470  1495.71429
[13,] 0.60    1    4 0.2500000     -890  -222.50000
[14,] 0.65    0    4 0.0000000    -5600 -1400.00000
[15,] 0.70    0    8 0.0000000   -11200 -1400.00000
[16,] 0.75    0    6 0.0000000    -8400 -1400.00000
[17,] 0.80    2    4 0.5000000     1540   385.00000
[18,] 0.85    2    6 0.3333333     2880   480.00000
[19,] 0.90    0    9 0.0000000   -12600 -1400.00000
[20,] 0.95    1    6 0.1666667    -2660  -443.33333
[21,] 1.00    3   12 0.2500000     5680   473.33333
[22,] 1.10    3   11 0.2727273    -1000   -90.90909
[23,] 1.20    1   10 0.1000000   -10640 -1064.00000
[24,] 1.30    2   12 0.1666667    -8730  -727.50000
[25,] 1.40    3    9 0.3333333     6960   773.33333
[26,] 1.50    0    4 0.0000000    -5600 -1400.00000
[27,] 1.60    0    2 0.0000000    -2800 -1400.00000
[28,] 1.70    1    3 0.3333333     3670  1223.33333
[29,] 1.80    0    2 0.0000000    -2800 -1400.00000
[30,] 1.90    1    3 0.3333333     -320  -106.66667
[31,] 2.00    0    2 0.0000000    -2800 -1400.00000
[32,] 2.25    0    0 0.0000000        0     0.00000
[33,] 2.50    0    0 0.0000000        0     0.00000
[34,] 2.75    0    0 0.0000000        0     0.00000
[35,] 3.00    0    0 0.0000000        0     0.00000
[36,] 3.25    0    0 0.0000000        0     0.00000
[37,] 3.50    0    1 0.0000000    -1400 -1400.00000
[38,] 3.75    0    0 0.0000000        0     0.00000
[39,] 4.00    0    0 0.0000000        0     0.00000
[40,] 4.25    0    0 0.0000000        0     0.00000
[1] "<-----------14"
      [,1] [,2] [,3]      [,4]     [,5]        [,6]
 [1,] 0.00  369 3274 0.1127062 -1983300  -605.77276
 [2,] 0.05    0    0 0.0000000        0     0.00000
 [3,] 0.10    0    0 0.0000000        0     0.00000
 [4,] 0.15    0    1 0.0000000    -1400 -1400.00000
 [5,] 0.20    0    1 0.0000000    -1400 -1400.00000
 [6,] 0.25    0    0 0.0000000        0     0.00000
 [7,] 0.30    0    1 0.0000000    -1400 -1400.00000
 [8,] 0.35    1    1 1.0000000     1920  1920.00000
 [9,] 0.40    1    3 0.3333333      100    33.33333
[10,] 0.45    0    1 0.0000000    -1400 -1400.00000
[11,] 0.50    0    2 0.0000000    -2800 -1400.00000
[12,] 0.55    0    1 0.0000000    -1400 -1400.00000
[13,] 0.60    1    2 0.5000000      950   475.00000
[14,] 0.65    1    3 0.3333333      520   173.33333
[15,] 0.70    0    1 0.0000000    -1400 -1400.00000
[16,] 0.75    1    2 0.5000000     6260  3130.00000
[17,] 0.80    0    3 0.0000000    -4200 -1400.00000
[18,] 0.85    2    3 0.6666667     8180  2726.66667
[19,] 0.90    0    6 0.0000000    -8400 -1400.00000
[20,] 0.95    0    2 0.0000000    -2800 -1400.00000
[21,] 1.00    1    5 0.2000000    -3820  -764.00000
[22,] 1.10    0    6 0.0000000    -8400 -1400.00000
[23,] 1.20    1    2 0.5000000     9280  4640.00000
[24,] 1.30    1    3 0.3333333     3670  1223.33333
[25,] 1.40    0    1 0.0000000    -1400 -1400.00000
[26,] 1.50    0    1 0.0000000    -1400 -1400.00000
[27,] 1.60    0    1 0.0000000    -1400 -1400.00000
[28,] 1.70    0    0 0.0000000        0     0.00000
[29,] 1.80    0    1 0.0000000    -1400 -1400.00000
[30,] 1.90    0    0 0.0000000        0     0.00000
[31,] 2.00    0    0 0.0000000        0     0.00000
[32,] 2.25    0    0 0.0000000        0     0.00000
[33,] 2.50    0    0 0.0000000        0     0.00000
[34,] 2.75    0    0 0.0000000        0     0.00000
[35,] 3.00    0    0 0.0000000        0     0.00000
[36,] 3.25    0    0 0.0000000        0     0.00000
[37,] 3.50    0    0 0.0000000        0     0.00000
[38,] 3.75    0    0 0.0000000        0     0.00000
[39,] 4.00    0    0 0.0000000        0     0.00000
[40,] 4.25    0    0 0.0000000        0     0.00000
[1] "<-----------15"
      [,1] [,2] [,3]      [,4]     [,5]       [,6]
 [1,] 0.00  379 3326 0.1139507 -1995440  -599.9519
 [2,] 0.05    0    0 0.0000000        0     0.0000
 [3,] 0.10    0    0 0.0000000        0     0.0000
 [4,] 0.15    0    0 0.0000000        0     0.0000
 [5,] 0.20    0    0 0.0000000        0     0.0000
 [6,] 0.25    0    0 0.0000000        0     0.0000
 [7,] 0.30    0    0 0.0000000        0     0.0000
 [8,] 0.35    0    0 0.0000000        0     0.0000
 [9,] 0.40    0    1 0.0000000    -1400 -1400.0000
[10,] 0.45    0    0 0.0000000        0     0.0000
[11,] 0.50    0    0 0.0000000        0     0.0000
[12,] 0.55    0    0 0.0000000        0     0.0000
[13,] 0.60    0    0 0.0000000        0     0.0000
[14,] 0.65    0    0 0.0000000        0     0.0000
[15,] 0.70    0    0 0.0000000        0     0.0000
[16,] 0.75    0    0 0.0000000        0     0.0000
[17,] 0.80    0    0 0.0000000        0     0.0000
[18,] 0.85    0    0 0.0000000        0     0.0000
[19,] 0.90    0    0 0.0000000        0     0.0000
[20,] 0.95    0    0 0.0000000        0     0.0000
[21,] 1.00    0    0 0.0000000        0     0.0000
[22,] 1.10    0    0 0.0000000        0     0.0000
[23,] 1.20    0    0 0.0000000        0     0.0000
[24,] 1.30    0    0 0.0000000        0     0.0000
[25,] 1.40    0    0 0.0000000        0     0.0000
[26,] 1.50    0    0 0.0000000        0     0.0000
[27,] 1.60    0    0 0.0000000        0     0.0000
[28,] 1.70    0    0 0.0000000        0     0.0000
[29,] 1.80    0    0 0.0000000        0     0.0000
[30,] 1.90    0    0 0.0000000        0     0.0000
[31,] 2.00    0    0 0.0000000        0     0.0000
[32,] 2.25    0    0 0.0000000        0     0.0000
[33,] 2.50    0    0 0.0000000        0     0.0000
[34,] 2.75    0    0 0.0000000        0     0.0000
[35,] 3.00    0    0 0.0000000        0     0.0000
[36,] 3.25    0    0 0.0000000        0     0.0000
[37,] 3.50    0    0 0.0000000        0     0.0000
[38,] 3.75    0    0 0.0000000        0     0.0000
[39,] 4.00    0    0 0.0000000        0     0.0000
[40,] 4.25    0    0 0.0000000        0     0.0000
[1] "<-----------16"
      [,1] [,2] [,3]      [,4]     [,5]      [,6]
 [1,] 0.00  379 3327 0.1139164 -1996840 -600.1924
 [2,] 0.05    0    0 0.0000000        0    0.0000
 [3,] 0.10    0    0 0.0000000        0    0.0000
 [4,] 0.15    0    0 0.0000000        0    0.0000
 [5,] 0.20    0    0 0.0000000        0    0.0000
 [6,] 0.25    0    0 0.0000000        0    0.0000
 [7,] 0.30    0    0 0.0000000        0    0.0000
 [8,] 0.35    0    0 0.0000000        0    0.0000
 [9,] 0.40    0    0 0.0000000        0    0.0000
[10,] 0.45    0    0 0.0000000        0    0.0000
[11,] 0.50    0    0 0.0000000        0    0.0000
[12,] 0.55    0    0 0.0000000        0    0.0000
[13,] 0.60    0    0 0.0000000        0    0.0000
[14,] 0.65    0    0 0.0000000        0    0.0000
[15,] 0.70    0    0 0.0000000        0    0.0000
[16,] 0.75    0    0 0.0000000        0    0.0000
[17,] 0.80    0    0 0.0000000        0    0.0000
[18,] 0.85    0    0 0.0000000        0    0.0000
[19,] 0.90    0    0 0.0000000        0    0.0000
[20,] 0.95    0    0 0.0000000        0    0.0000
[21,] 1.00    0    0 0.0000000        0    0.0000
[22,] 1.10    0    0 0.0000000        0    0.0000
[23,] 1.20    0    0 0.0000000        0    0.0000
[24,] 1.30    0    0 0.0000000        0    0.0000
[25,] 1.40    0    0 0.0000000        0    0.0000
[26,] 1.50    0    0 0.0000000        0    0.0000
[27,] 1.60    0    0 0.0000000        0    0.0000
[28,] 1.70    0    0 0.0000000        0    0.0000
[29,] 1.80    0    0 0.0000000        0    0.0000
[30,] 1.90    0    0 0.0000000        0    0.0000
[31,] 2.00    0    0 0.0000000        0    0.0000
[32,] 2.25    0    0 0.0000000        0    0.0000
[33,] 2.50    0    0 0.0000000        0    0.0000
[34,] 2.75    0    0 0.0000000        0    0.0000
[35,] 3.00    0    0 0.0000000        0    0.0000
[36,] 3.25    0    0 0.0000000        0    0.0000
[37,] 3.50    0    0 0.0000000        0    0.0000
[38,] 3.75    0    0 0.0000000        0    0.0000
[39,] 4.00    0    0 0.0000000        0    0.0000
[40,] 4.25    0    0 0.0000000        0    0.0000
[1] "<-----------17"
      [,1] [,2] [,3]       [,4]    [,5]       [,6]
 [1,]    0   22  198 0.11111111 -110160  -556.3636
 [2,]    1    0    0 0.00000000       0     0.0000
 [3,]    2   22  422 0.05213270 -398110  -943.3886
 [4,]    3   20  230 0.08695652 -133200  -579.1304
 [5,]    4   43  548 0.07846715 -498740  -910.1095
 [6,]    5   62  459 0.13507625 -187520  -408.5403
 [7,]    6   64  506 0.12648221 -281460  -556.2451
 [8,]    7   41  335 0.12238806 -189230  -564.8657
 [9,]    8   48  284 0.16901408  -77350  -272.3592
[10,]    9   24  150 0.16000000  -69990  -466.6000
[11,]   10   12   83 0.14457831  -42420  -511.0843
[12,]   11   10   39 0.25641026   10120   259.4872
[13,]   12    2   16 0.12500000  -13390  -836.8750
[14,]   13    1    3 0.33333333    -450  -150.0000
[15,]   14    0    1 0.00000000   -1400 -1400.0000
[16,]   15    0    0 0.00000000       0     0.0000
[17,]   16    0    0 0.00000000       0     0.0000
[18,]   17    0    0 0.00000000       0     0.0000
[19,]   18    0    0 0.00000000       0     0.0000
[20,]   19    0    0 0.00000000       0     0.0000
[21,]   20    0    0 0.00000000       0     0.0000
[22,]   21    0    0 0.00000000       0     0.0000
[23,]   22    0    0 0.00000000       0     0.0000
[24,]   23    0    0 0.00000000       0     0.0000
[25,]   24    0    0 0.00000000       0     0.0000
[26,]   25    0    0 0.00000000       0     0.0000
[27,]   26    0    0 0.00000000       0     0.0000
[28,]   27    0    0 0.00000000       0     0.0000
[29,]   28    0    0 0.00000000       0     0.0000
[30,]   29    0    0 0.00000000       0     0.0000
[31,]   30    0    0 0.00000000       0     0.0000
[32,]   31    0    0 0.00000000       0     0.0000
[33,]   32    0    0 0.00000000       0     0.0000
[34,]   33    0    0 0.00000000       0     0.0000
[35,]   34    0    0 0.00000000       0     0.0000
[36,]   35    0    0 0.00000000       0     0.0000
[37,]   36    0    0 0.00000000       0     0.0000
[38,]   37    0    0 0.00000000       0     0.0000
[39,]   38    0    0 0.00000000       0     0.0000
[40,]   39    0    0 0.00000000       0     0.0000
