[1] "<-----------1"
      [,1] [,2] [,3]      [,4]  [,5]        [,6]
 [1,] 0.00   93  318 0.2924528 53180   167.23270
 [2,] 0.05    0    0 0.0000000     0     0.00000
 [3,] 0.10    0    0 0.0000000     0     0.00000
 [4,] 0.15    0    0 0.0000000     0     0.00000
 [5,] 0.20    0    0 0.0000000     0     0.00000
 [6,] 0.25    0    0 0.0000000     0     0.00000
 [7,] 0.30    0    0 0.0000000     0     0.00000
 [8,] 0.35    0    0 0.0000000     0     0.00000
 [9,] 0.40    0    0 0.0000000     0     0.00000
[10,] 0.45    0    0 0.0000000     0     0.00000
[11,] 0.50    0    0 0.0000000     0     0.00000
[12,] 0.55    0    0 0.0000000     0     0.00000
[13,] 0.60    0    0 0.0000000     0     0.00000
[14,] 0.65    0    0 0.0000000     0     0.00000
[15,] 0.70    0    0 0.0000000     0     0.00000
[16,] 0.75    0    0 0.0000000     0     0.00000
[17,] 0.80    0    0 0.0000000     0     0.00000
[18,] 0.85    0    0 0.0000000     0     0.00000
[19,] 0.90    1    3 0.3333333  4330  1443.33333
[20,] 0.95    0    1 0.0000000 -1400 -1400.00000
[21,] 1.00    3   10 0.3000000  8880   888.00000
[22,] 1.10    3    6 0.5000000  7000  1166.66667
[23,] 1.20    3   11 0.2727273 -2090  -190.00000
[24,] 1.30    2    5 0.4000000  6410  1282.00000
[25,] 1.40    3    9 0.3333333   590    65.55556
[26,] 1.50    2    5 0.4000000  8930  1786.00000
[27,] 1.60    1    3 0.3333333 -2090  -696.66667
[28,] 1.70    1    3 0.3333333  4450  1483.33333
[29,] 1.80    0    2 0.0000000 -2800 -1400.00000
[30,] 1.90    0    3 0.0000000 -4200 -1400.00000
[31,] 2.00    0    4 0.0000000 -5600 -1400.00000
[32,] 2.25    1    2 0.5000000  1650   825.00000
[33,] 2.50    2    3 0.6666667  8770  2923.33333
[34,] 2.75    0    4 0.0000000 -5600 -1400.00000
[35,] 3.00    0    1 0.0000000 -1400 -1400.00000
[36,] 3.25    0    0 0.0000000     0     0.00000
[37,] 3.50    0    0 0.0000000     0     0.00000
[38,] 3.75    0    0 0.0000000     0     0.00000
[39,] 4.00    0    0 0.0000000     0     0.00000
[40,] 4.25    0    0 0.0000000     0     0.00000
[1] "<-----------2"
      [,1] [,2] [,3]      [,4]   [,5]        [,6]
 [1,] 0.00   52  213 0.2441315 -16170   -75.91549
 [2,] 0.05    0    0 0.0000000      0     0.00000
 [3,] 0.10    0    0 0.0000000      0     0.00000
 [4,] 0.15    0    0 0.0000000      0     0.00000
 [5,] 0.20    0    0 0.0000000      0     0.00000
 [6,] 0.25    0    0 0.0000000      0     0.00000
 [7,] 0.30    0    0 0.0000000      0     0.00000
 [8,] 0.35    0    0 0.0000000      0     0.00000
 [9,] 0.40    1    1 1.0000000   5310  5310.00000
[10,] 0.45    0    1 0.0000000  -1400 -1400.00000
[11,] 0.50    0    0 0.0000000      0     0.00000
[12,] 0.55    1    4 0.2500000  -1720  -430.00000
[13,] 0.60    1    3 0.3333333   -820  -273.33333
[14,] 0.65    5    7 0.7142857  16400  2342.85714
[15,] 0.70    2    7 0.2857143   4180   597.14286
[16,] 0.75    3    7 0.4285714  10530  1504.28571
[17,] 0.80    2    6 0.3333333  -2930  -488.33333
[18,] 0.85    3   11 0.2727273   6170   560.90909
[19,] 0.90    3    9 0.3333333   4940   548.88889
[20,] 0.95    3   11 0.2727273   4810   437.27273
[21,] 1.00    5   15 0.3333333  -3950  -263.33333
[22,] 1.10   10   22 0.4545455  31450  1429.54545
[23,] 1.20    4   11 0.3636364   -420   -38.18182
[24,] 1.30    8   19 0.4210526  15170   798.42105
[25,] 1.40    5   14 0.3571429  13270   947.85714
[26,] 1.50    0    6 0.0000000  -8400 -1400.00000
[27,] 1.60    2    3 0.6666667   4750  1583.33333
[28,] 1.70    1    4 0.2500000    660   165.00000
[29,] 1.80    0    2 0.0000000  -2800 -1400.00000
[30,] 1.90    1    2 0.5000000   2560  1280.00000
[31,] 2.00    1    5 0.2000000  -1860  -372.00000
[32,] 2.25    1    4 0.2500000   1300   325.00000
[33,] 2.50    1    2 0.5000000   3580  1790.00000
[34,] 2.75    0    1 0.0000000  -1400 -1400.00000
[35,] 3.00    0    1 0.0000000  -1400 -1400.00000
[36,] 3.25    0    1 0.0000000  -1400 -1400.00000
[37,] 3.50    0    0 0.0000000      0     0.00000
[38,] 3.75    0    0 0.0000000      0     0.00000
[39,] 4.00    0    0 0.0000000      0     0.00000
[40,] 4.25    0    0 0.0000000      0     0.00000
[1] "<-----------3"
      [,1] [,2] [,3]      [,4]  [,5]       [,6]
 [1,] 0.00   43  154 0.2792208 37990   246.6883
 [2,] 0.05    0    0 0.0000000     0     0.0000
 [3,] 0.10    0    0 0.0000000     0     0.0000
 [4,] 0.15    0    0 0.0000000     0     0.0000
 [5,] 0.20    0    0 0.0000000     0     0.0000
 [6,] 0.25    0    0 0.0000000     0     0.0000
 [7,] 0.30    0    0 0.0000000     0     0.0000
 [8,] 0.35    0    1 0.0000000 -1400 -1400.0000
 [9,] 0.40    0    1 0.0000000 -1400 -1400.0000
[10,] 0.45    1    5 0.2000000 -3250  -650.0000
[11,] 0.50    0    2 0.0000000 -2800 -1400.0000
[12,] 0.55    1    9 0.1111111 -3850  -427.7778
[13,] 0.60    3    6 0.5000000 10600  1766.6667
[14,] 0.65    2    9 0.2222222 -4290  -476.6667
[15,] 0.70    6   16 0.3750000 13710   856.8750
[16,] 0.75    5   20 0.2500000 -4980  -249.0000
[17,] 0.80    4   11 0.3636364  4940   449.0909
[18,] 0.85    5   16 0.3125000  4790   299.3750
[19,] 0.90    4   15 0.2666667 -3850  -256.6667
[20,] 0.95    4   10 0.4000000  7160   716.0000
[21,] 1.00    7   19 0.3684211  5460   287.3684
[22,] 1.10    3   14 0.2142857 -6650  -475.0000
[23,] 1.20    5   21 0.2380952 -7350  -350.0000
[24,] 1.30    7   25 0.2800000  5530   221.2000
[25,] 1.40    4   10 0.4000000 18470  1847.0000
[26,] 1.50    3   11 0.2727273 -1110  -100.9091
[27,] 1.60    2    4 0.5000000  4660  1165.0000
[28,] 1.70    1    2 0.5000000  1600   800.0000
[29,] 1.80    1    3 0.3333333 -1040  -346.6667
[30,] 1.90    0    0 0.0000000     0     0.0000
[31,] 2.00    1    2 0.5000000  2230  1115.0000
[32,] 2.25    1    2 0.5000000   580   290.0000
[33,] 2.50    2    3 0.6666667  6060  2020.0000
[34,] 2.75    0    0 0.0000000     0     0.0000
[35,] 3.00    0    0 0.0000000     0     0.0000
[36,] 3.25    0    0 0.0000000     0     0.0000
[37,] 3.50    0    0 0.0000000     0     0.0000
[38,] 3.75    0    0 0.0000000     0     0.0000
[39,] 4.00    0    0 0.0000000     0     0.0000
[40,] 4.25    0    0 0.0000000     0     0.0000
[1] "<-----------4"
      [,1] [,2] [,3]      [,4]   [,5]       [,6]
 [1,] 0.00   42  142 0.2957746  33210   233.8732
 [2,] 0.05    0    0 0.0000000      0     0.0000
 [3,] 0.10    0    0 0.0000000      0     0.0000
 [4,] 0.15    0    0 0.0000000      0     0.0000
 [5,] 0.20    0    0 0.0000000      0     0.0000
 [6,] 0.25    0    0 0.0000000      0     0.0000
 [7,] 0.30    0    0 0.0000000      0     0.0000
 [8,] 0.35    0    1 0.0000000  -1400 -1400.0000
 [9,] 0.40    0    2 0.0000000  -2800 -1400.0000
[10,] 0.45    0    3 0.0000000  -4200 -1400.0000
[11,] 0.50    1    2 0.5000000   1400   700.0000
[12,] 0.55    1    4 0.2500000  -2030  -507.5000
[13,] 0.60    3   12 0.2500000  -2600  -216.6667
[14,] 0.65    2   11 0.1818182   5940   540.0000
[15,] 0.70    3   10 0.3000000  -3460  -346.0000
[16,] 0.75    4   14 0.2857143   2990   213.5714
[17,] 0.80    5   16 0.3125000   1910   119.3750
[18,] 0.85    2   16 0.1250000 -10490  -655.6250
[19,] 0.90    5   13 0.3846154   -130   -10.0000
[20,] 0.95    5   11 0.4545455  10880   989.0909
[21,] 1.00    2   15 0.1333333 -11730  -782.0000
[22,] 1.10    2   17 0.1176471 -10390  -611.1765
[23,] 1.20    7   21 0.3333333   6080   289.5238
[24,] 1.30    9   27 0.3333333  28640  1060.7407
[25,] 1.40    4   11 0.3636364   4390   399.0909
[26,] 1.50    3    7 0.4285714   4460   637.1429
[27,] 1.60    5    8 0.6250000  13480  1685.0000
[28,] 1.70    3    9 0.3333333   6940   771.1111
[29,] 1.80    3    6 0.5000000   7050  1175.0000
[30,] 1.90    1    4 0.2500000   -570  -142.5000
[31,] 2.00    2    5 0.4000000   6160  1232.0000
[32,] 2.25    0    1 0.0000000  -1400 -1400.0000
[33,] 2.50    1    2 0.5000000    880   440.0000
[34,] 2.75    0    0 0.0000000      0     0.0000
[35,] 3.00    0    1 0.0000000  -1400 -1400.0000
[36,] 3.25    0    0 0.0000000      0     0.0000
[37,] 3.50    0    0 0.0000000      0     0.0000
[38,] 3.75    0    0 0.0000000      0     0.0000
[39,] 4.00    0    0 0.0000000      0     0.0000
[40,] 4.25    0    0 0.0000000      0     0.0000
[1] "<-----------5"
      [,1] [,2] [,3]      [,4]   [,5]        [,6]
 [1,] 0.00   49  141 0.3475177  66920   474.60993
 [2,] 0.05    0    0 0.0000000      0     0.00000
 [3,] 0.10    0    0 0.0000000      0     0.00000
 [4,] 0.15    0    0 0.0000000      0     0.00000
 [5,] 0.20    0    0 0.0000000      0     0.00000
 [6,] 0.25    1    1 1.0000000   3740  3740.00000
 [7,] 0.30    0    1 0.0000000  -1400 -1400.00000
 [8,] 0.35    0    0 0.0000000      0     0.00000
 [9,] 0.40    2    4 0.5000000   8100  2025.00000
[10,] 0.45    1    3 0.3333333    -90   -30.00000
[11,] 0.50    2    4 0.5000000   7310  1827.50000
[12,] 0.55    6   13 0.4615385  10610   816.15385
[13,] 0.60    2    9 0.2222222  -5380  -597.77778
[14,] 0.65    5   19 0.2631579  -5220  -274.73684
[15,] 0.70    7   19 0.3684211  20070  1056.31579
[16,] 0.75    3   10 0.3000000    800    80.00000
[17,] 0.80    3   15 0.2000000  -2710  -180.66667
[18,] 0.85    3   12 0.2500000  -2230  -185.83333
[19,] 0.90    2   21 0.0952381 -17360  -826.66667
[20,] 0.95    1    6 0.1666667  -5210  -868.33333
[21,] 1.00    6   21 0.2857143   1540    73.33333
[22,] 1.10    6   27 0.2222222  -4250  -157.40741
[23,] 1.20    4   11 0.3636364  18900  1718.18182
[24,] 1.30    3   17 0.1764706  -5030  -295.88235
[25,] 1.40    4    9 0.4444444   9720  1080.00000
[26,] 1.50    2    9 0.2222222  -2870  -318.88889
[27,] 1.60    0    5 0.0000000  -7000 -1400.00000
[28,] 1.70    1    6 0.1666667  -4730  -788.33333
[29,] 1.80    0    4 0.0000000  -5600 -1400.00000
[30,] 1.90    1    1 1.0000000   4640  4640.00000
[31,] 2.00    0    2 0.0000000  -2800 -1400.00000
[32,] 2.25    1    2 0.5000000    -60   -30.00000
[33,] 2.50    0    0 0.0000000      0     0.00000
[34,] 2.75    0    0 0.0000000      0     0.00000
[35,] 3.00    0    0 0.0000000      0     0.00000
[36,] 3.25    0    0 0.0000000      0     0.00000
[37,] 3.50    0    0 0.0000000      0     0.00000
[38,] 3.75    0    0 0.0000000      0     0.00000
[39,] 4.00    0    0 0.0000000      0     0.00000
[40,] 4.25    0    0 0.0000000      0     0.00000
[1] "<-----------6"
      [,1] [,2] [,3]       [,4]   [,5]         [,6]
 [1,] 0.00   46  141 0.32624113  57560   408.226950
 [2,] 0.05    0    0 0.00000000      0     0.000000
 [3,] 0.10    0    1 0.00000000  -1400 -1400.000000
 [4,] 0.15    0    0 0.00000000      0     0.000000
 [5,] 0.20    0    0 0.00000000      0     0.000000
 [6,] 0.25    0    1 0.00000000  -1400 -1400.000000
 [7,] 0.30    0    0 0.00000000      0     0.000000
 [8,] 0.35    1    2 0.50000000   3460  1730.000000
 [9,] 0.40    2    5 0.40000000   4040   808.000000
[10,] 0.45    2    6 0.33333333  -2490  -415.000000
[11,] 0.50    1   11 0.09090909  -6420  -583.636364
[12,] 0.55    3    8 0.37500000    420    52.500000
[13,] 0.60    0    6 0.00000000  -8400 -1400.000000
[14,] 0.65    2   12 0.16666667  -3890  -324.166667
[15,] 0.70    1    9 0.11111111  -7090  -787.777778
[16,] 0.75    2   16 0.12500000 -10940  -683.750000
[17,] 0.80    5   13 0.38461538   6480   498.461538
[18,] 0.85    4   11 0.36363636  12520  1138.181818
[19,] 0.90    2   17 0.11764706 -13590  -799.411765
[20,] 0.95    6   14 0.42857143  12920   922.857143
[21,] 1.00   11   30 0.36666667   9980   332.666667
[22,] 1.10    4   13 0.30769231   2930   225.384615
[23,] 1.20    3   15 0.20000000   4470   298.000000
[24,] 1.30    5   17 0.29411765   8000   470.588235
[25,] 1.40    5   15 0.33333333    110     7.333333
[26,] 1.50    0    7 0.00000000  -9800 -1400.000000
[27,] 1.60    2    4 0.50000000   3330   832.500000
[28,] 1.70    2    2 1.00000000   8900  4450.000000
[29,] 1.80    2    2 1.00000000   7110  3555.000000
[30,] 1.90    2    3 0.66666667   6360  2120.000000
[31,] 2.00    2    7 0.28571429   2840   405.714286
[32,] 2.25    0    3 0.00000000  -4200 -1400.000000
[33,] 2.50    0    2 0.00000000  -2800 -1400.000000
[34,] 2.75    0    0 0.00000000      0     0.000000
[35,] 3.00    0    0 0.00000000      0     0.000000
[36,] 3.25    0    0 0.00000000      0     0.000000
[37,] 3.50    0    0 0.00000000      0     0.000000
[38,] 3.75    0    0 0.00000000      0     0.000000
[39,] 4.00    0    0 0.00000000      0     0.000000
[40,] 4.25    0    0 0.00000000      0     0.000000
[1] "<-----------7"
      [,1] [,2] [,3]      [,4]   [,5]        [,6]
 [1,] 0.00   55  172 0.3197674  67270   391.10465
 [2,] 0.05    0    0 0.0000000      0     0.00000
 [3,] 0.10    0    0 0.0000000      0     0.00000
 [4,] 0.15    0    0 0.0000000      0     0.00000
 [5,] 0.20    0    1 0.0000000  -1400 -1400.00000
 [6,] 0.25    0    1 0.0000000  -1400 -1400.00000
 [7,] 0.30    0    0 0.0000000      0     0.00000
 [8,] 0.35    1    1 1.0000000   5480  5480.00000
 [9,] 0.40    0    4 0.0000000  -5600 -1400.00000
[10,] 0.45    1    3 0.3333333   3650  1216.66667
[11,] 0.50    3   10 0.3000000   3350   335.00000
[12,] 0.55    2    7 0.2857143  -3070  -438.57143
[13,] 0.60    0    9 0.0000000 -12600 -1400.00000
[14,] 0.65    0    3 0.0000000  -4200 -1400.00000
[15,] 0.70    2    3 0.6666667  10320  3440.00000
[16,] 0.75    2   19 0.1052632 -18610  -979.47368
[17,] 0.80    3   10 0.3000000   -750   -75.00000
[18,] 0.85    7   19 0.3684211  14450   760.52632
[19,] 0.90    4   15 0.2666667  -1450   -96.66667
[20,] 0.95    5   13 0.3846154   7020   540.00000
[21,] 1.00   10   24 0.4166667  24770  1032.08333
[22,] 1.10    3   10 0.3000000   3000   300.00000
[23,] 1.20    4   12 0.3333333   4760   396.66667
[24,] 1.30    4   14 0.2857143    300    21.42857
[25,] 1.40    1    6 0.1666667  -5660  -943.33333
[26,] 1.50    2    8 0.2500000  -2040  -255.00000
[27,] 1.60    0    3 0.0000000  -4200 -1400.00000
[28,] 1.70    3    9 0.3333333   2250   250.00000
[29,] 1.80    0    4 0.0000000  -5600 -1400.00000
[30,] 1.90    0    0 0.0000000      0     0.00000
[31,] 2.00    1    7 0.1428571  -4440  -634.28571
[32,] 2.25    0    2 0.0000000  -2800 -1400.00000
[33,] 2.50    1    2 0.5000000     30    15.00000
[34,] 2.75    0    0 0.0000000      0     0.00000
[35,] 3.00    0    0 0.0000000      0     0.00000
[36,] 3.25    0    0 0.0000000      0     0.00000
[37,] 3.50    0    0 0.0000000      0     0.00000
[38,] 3.75    0    0 0.0000000      0     0.00000
[39,] 4.00    0    1 0.0000000  -1400 -1400.00000
[40,] 4.25    0    0 0.0000000      0     0.00000
[1] "<-----------8"
      [,1] [,2] [,3]      [,4]   [,5]        [,6]
 [1,] 0.00   45  171 0.2631579  -6680   -39.06433
 [2,] 0.05    0    0 0.0000000      0     0.00000
 [3,] 0.10    0    0 0.0000000      0     0.00000
 [4,] 0.15    0    0 0.0000000      0     0.00000
 [5,] 0.20    1    1 1.0000000   7250  7250.00000
 [6,] 0.25    1    2 0.5000000   4080  2040.00000
 [7,] 0.30    0    0 0.0000000      0     0.00000
 [8,] 0.35    1    2 0.5000000   4380  2190.00000
 [9,] 0.40    1    2 0.5000000   3590  1795.00000
[10,] 0.45    0    1 0.0000000  -1400 -1400.00000
[11,] 0.50    2    4 0.5000000   5660  1415.00000
[12,] 0.55    1    5 0.2000000  -1290  -258.00000
[13,] 0.60    2    8 0.2500000    180    22.50000
[14,] 0.65    2   12 0.1666667 -10400  -866.66667
[15,] 0.70    4   15 0.2666667  -2850  -190.00000
[16,] 0.75    2   11 0.1818182  -1940  -176.36364
[17,] 0.80    6    9 0.6666667  23860  2651.11111
[18,] 0.85    4   12 0.3333333   6960   580.00000
[19,] 0.90    5   12 0.4166667   9500   791.66667
[20,] 0.95    1    5 0.2000000  -2930  -586.00000
[21,] 1.00    8   19 0.4210526  10460   550.52632
[22,] 1.10   10   19 0.5263158  27600  1452.63158
[23,] 1.20    6   13 0.4615385  28400  2184.61538
[24,] 1.30    4   13 0.3076923   4050   311.53846
[25,] 1.40    3   13 0.2307692  -4290  -330.00000
[26,] 1.50    1    8 0.1250000  -2040  -255.00000
[27,] 1.60    1    9 0.1111111  -8200  -911.11111
[28,] 1.70    1    7 0.1428571  -3740  -534.28571
[29,] 1.80    1    4 0.2500000   3100   775.00000
[30,] 1.90    1    3 0.3333333    520   173.33333
[31,] 2.00    0    5 0.0000000  -7000 -1400.00000
[32,] 2.25    0    2 0.0000000  -2800 -1400.00000
[33,] 2.50    0    0 0.0000000      0     0.00000
[34,] 2.75    0    2 0.0000000  -2800 -1400.00000
[35,] 3.00    1    4 0.2500000  -2220  -555.00000
[36,] 3.25    0    0 0.0000000      0     0.00000
[37,] 3.50    0    0 0.0000000      0     0.00000
[38,] 3.75    0    0 0.0000000      0     0.00000
[39,] 4.00    0    0 0.0000000      0     0.00000
[40,] 4.25    0    0 0.0000000      0     0.00000
[1] "<-----------9"
      [,1] [,2] [,3]      [,4]   [,5]       [,6]
 [1,] 0.00   44  171 0.2573099 -15390   -90.0000
 [2,] 0.05    0    0 0.0000000      0     0.0000
 [3,] 0.10    0    0 0.0000000      0     0.0000
 [4,] 0.15    1    1 1.0000000   3050  3050.0000
 [5,] 0.20    1    1 1.0000000   4770  4770.0000
 [6,] 0.25    1    1 1.0000000   2610  2610.0000
 [7,] 0.30    1    2 0.5000000   2340  1170.0000
 [8,] 0.35    2    3 0.6666667   3340  1113.3333
 [9,] 0.40    0    3 0.0000000  -4200 -1400.0000
[10,] 0.45    1    5 0.2000000  -3330  -666.0000
[11,] 0.50    1    3 0.3333333    520   173.3333
[12,] 0.55    2   12 0.1666667  -8030  -669.1667
[13,] 0.60    1    4 0.2500000   -780  -195.0000
[14,] 0.65    0   11 0.0000000 -15400 -1400.0000
[15,] 0.70    5    8 0.6250000  19800  2475.0000
[16,] 0.75    3   11 0.2727273  13130  1193.6364
[17,] 0.80    6   15 0.4000000  12550   836.6667
[18,] 0.85    5   11 0.4545455  17580  1598.1818
[19,] 0.90    0    4 0.0000000  -5600 -1400.0000
[20,] 0.95    4    7 0.5714286   8460  1208.5714
[21,] 1.00    5   17 0.2941176   4260   250.5882
[22,] 1.10    5   15 0.3333333  11890   792.6667
[23,] 1.20    5   17 0.2941176   8090   475.8824
[24,] 1.30    3    9 0.3333333   3900   433.3333
[25,] 1.40    5    9 0.5555556  17840  1982.2222
[26,] 1.50    3    9 0.3333333   6000   666.6667
[27,] 1.60    0    7 0.0000000  -9800 -1400.0000
[28,] 1.70    4    7 0.5714286  12800  1828.5714
[29,] 1.80    4   10 0.4000000   2440   244.0000
[30,] 1.90    0    2 0.0000000  -2800 -1400.0000
[31,] 2.00    1    5 0.2000000  -3410  -682.0000
[32,] 2.25    0    3 0.0000000  -4200 -1400.0000
[33,] 2.50    0    0 0.0000000      0     0.0000
[34,] 2.75    0    2 0.0000000  -2800 -1400.0000
[35,] 3.00    1    4 0.2500000  -1920  -480.0000
[36,] 3.25    1    2 0.5000000   4100  2050.0000
[37,] 3.50    0    0 0.0000000      0     0.0000
[38,] 3.75    0    1 0.0000000  -1400 -1400.0000
[39,] 4.00    0    0 0.0000000      0     0.0000
[40,] 4.25    0    0 0.0000000      0     0.0000
[1] "<-----------10"
      [,1] [,2] [,3]       [,4]   [,5]        [,6]
 [1,] 0.00   51  192 0.26562500   2890    15.05208
 [2,] 0.05    0    0 0.00000000      0     0.00000
 [3,] 0.10    0    1 0.00000000  -1400 -1400.00000
 [4,] 0.15    0    0 0.00000000      0     0.00000
 [5,] 0.20    0    1 0.00000000  -1400 -1400.00000
 [6,] 0.25    0    1 0.00000000  -1400 -1400.00000
 [7,] 0.30    0    1 0.00000000  -1400 -1400.00000
 [8,] 0.35    0    1 0.00000000  -1400 -1400.00000
 [9,] 0.40    0    2 0.00000000  -2800 -1400.00000
[10,] 0.45    3    5 0.60000000   7560  1512.00000
[11,] 0.50    1    3 0.33333333   2680   893.33333
[12,] 0.55    0    6 0.00000000  -8400 -1400.00000
[13,] 0.60    0    4 0.00000000  -5600 -1400.00000
[14,] 0.65    3    9 0.33333333   5140   571.11111
[15,] 0.70    2    7 0.28571429  -1540  -220.00000
[16,] 0.75    7   11 0.63636364  34490  3135.45455
[17,] 0.80    4   10 0.40000000  10850  1085.00000
[18,] 0.85    5   11 0.45454545  11060  1005.45455
[19,] 0.90    2    5 0.40000000   6190  1238.00000
[20,] 0.95    1    4 0.25000000    920   230.00000
[21,] 1.00    1   14 0.07142857 -13860  -990.00000
[22,] 1.10    4   16 0.25000000  -1900  -118.75000
[23,] 1.20    8   11 0.72727273  23780  2161.81818
[24,] 1.30    4    9 0.44444444  15780  1753.33333
[25,] 1.40    5   16 0.31250000   4460   278.75000
[26,] 1.50    1    9 0.11111111  -8690  -965.55556
[27,] 1.60    5   12 0.41666667   7160   596.66667
[28,] 1.70    4    9 0.44444444   4490   498.88889
[29,] 1.80    2    5 0.40000000   5080  1016.00000
[30,] 1.90    0    6 0.00000000  -8400 -1400.00000
[31,] 2.00    1    4 0.25000000   -190   -47.50000
[32,] 2.25    1    3 0.33333333   1860   620.00000
[33,] 2.50    0    4 0.00000000  -5600 -1400.00000
[34,] 2.75    0    1 0.00000000  -1400 -1400.00000
[35,] 3.00    0    0 0.00000000      0     0.00000
[36,] 3.25    0    0 0.00000000      0     0.00000
[37,] 3.50    0    0 0.00000000      0     0.00000
[38,] 3.75    0    0 0.00000000      0     0.00000
[39,] 4.00    0    0 0.00000000      0     0.00000
[40,] 4.25    0    0 0.00000000      0     0.00000
[1] "<-----------11"
      [,1] [,2] [,3]      [,4]  [,5]        [,6]
 [1,] 0.00   63  231 0.2727273 15440    66.83983
 [2,] 0.05    0    0 0.0000000     0     0.00000
 [3,] 0.10    0    0 0.0000000     0     0.00000
 [4,] 0.15    0    0 0.0000000     0     0.00000
 [5,] 0.20    1    1 1.0000000  5480  5480.00000
 [6,] 0.25    0    2 0.0000000 -2800 -1400.00000
 [7,] 0.30    0    0 0.0000000     0     0.00000
 [8,] 0.35    0    0 0.0000000     0     0.00000
 [9,] 0.40    1    2 0.5000000  5050  2525.00000
[10,] 0.45    1    2 0.5000000   880   440.00000
[11,] 0.50    2    5 0.4000000  3650   730.00000
[12,] 0.55    1    6 0.1666667 -2140  -356.66667
[13,] 0.60    2    3 0.6666667  5940  1980.00000
[14,] 0.65    1    6 0.1666667 -1990  -331.66667
[15,] 0.70    1    6 0.1666667 -3650  -608.33333
[16,] 0.75    4    9 0.4444444 14830  1647.77778
[17,] 0.80    3    8 0.3750000  2150   268.75000
[18,] 0.85    1    3 0.3333333  8110  2703.33333
[19,] 0.90    3    7 0.4285714  5820   831.42857
[20,] 0.95    0    2 0.0000000 -2800 -1400.00000
[21,] 1.00    3   11 0.2727273   700    63.63636
[22,] 1.10    3   13 0.2307692 -8520  -655.38462
[23,] 1.20    4   13 0.3076923 13960  1073.84615
[24,] 1.30    6   13 0.4615385 14990  1153.07692
[25,] 1.40    1    7 0.1428571 -4180  -597.14286
[26,] 1.50    4    9 0.4444444  9370  1041.11111
[27,] 1.60    4    8 0.5000000  9880  1235.00000
[28,] 1.70    2    8 0.2500000 -3170  -396.25000
[29,] 1.80    3    5 0.6000000  6190  1238.00000
[30,] 1.90    1    4 0.2500000 -1580  -395.00000
[31,] 2.00    0    4 0.0000000 -5600 -1400.00000
[32,] 2.25    0    1 0.0000000 -1400 -1400.00000
[33,] 2.50    0    2 0.0000000 -2800 -1400.00000
[34,] 2.75    0    0 0.0000000     0     0.00000
[35,] 3.00    0    0 0.0000000     0     0.00000
[36,] 3.25    0    0 0.0000000     0     0.00000
[37,] 3.50    0    0 0.0000000     0     0.00000
[38,] 3.75    0    1 0.0000000 -1400 -1400.00000
[39,] 4.00    0    0 0.0000000     0     0.00000
[40,] 4.25    0    0 0.0000000     0     0.00000
[1] "<-----------12"
      [,1] [,2] [,3]      [,4]   [,5]        [,6]
 [1,] 0.00   75  276 0.2717391  29180   105.72464
 [2,] 0.05    0    0 0.0000000      0     0.00000
 [3,] 0.10    0    0 0.0000000      0     0.00000
 [4,] 0.15    0    0 0.0000000      0     0.00000
 [5,] 0.20    0    0 0.0000000      0     0.00000
 [6,] 0.25    0    1 0.0000000  -1400 -1400.00000
 [7,] 0.30    0    1 0.0000000  -1400 -1400.00000
 [8,] 0.35    2    3 0.6666667   8940  2980.00000
 [9,] 0.40    2    5 0.4000000   1850   370.00000
[10,] 0.45    0    2 0.0000000  -2800 -1400.00000
[11,] 0.50    2    3 0.6666667   6770  2256.66667
[12,] 0.55    0    1 0.0000000  -1400 -1400.00000
[13,] 0.60    2    5 0.4000000  14740  2948.00000
[14,] 0.65    1    5 0.2000000    790   158.00000
[15,] 0.70    3    6 0.5000000   4750   791.66667
[16,] 0.75    3    6 0.5000000   7250  1208.33333
[17,] 0.80    2    6 0.3333333    580    96.66667
[18,] 0.85    3    4 0.7500000   5580  1395.00000
[19,] 0.90    3    9 0.3333333   8050   894.44444
[20,] 0.95    4    5 0.8000000  11150  2230.00000
[21,] 1.00    2   14 0.1428571 -11950  -853.57143
[22,] 1.10    0   10 0.0000000 -14000 -1400.00000
[23,] 1.20    1    3 0.3333333    200    66.66667
[24,] 1.30    2    5 0.4000000   5290  1058.00000
[25,] 1.40    3    8 0.3750000   3590   448.75000
[26,] 1.50    1    4 0.2500000   3380   845.00000
[27,] 1.60    1    2 0.5000000    200   100.00000
[28,] 1.70    2    4 0.5000000   2790   697.50000
[29,] 1.80    0    0 0.0000000      0     0.00000
[30,] 1.90    0    1 0.0000000  -1400 -1400.00000
[31,] 2.00    0    2 0.0000000  -2800 -1400.00000
[32,] 2.25    0    0 0.0000000      0     0.00000
[33,] 2.50    0    1 0.0000000  -1400 -1400.00000
[34,] 2.75    1    1 1.0000000   2480  2480.00000
[35,] 3.00    0    0 0.0000000      0     0.00000
[36,] 3.25    0    0 0.0000000      0     0.00000
[37,] 3.50    0    0 0.0000000      0     0.00000
[38,] 3.75    0    0 0.0000000      0     0.00000
[39,] 4.00    0    0 0.0000000      0     0.00000
[40,] 4.25    0    0 0.0000000      0     0.00000
[1] "<-----------13"
      [,1] [,2] [,3]      [,4]  [,5]       [,6]
 [1,] 0.00   99  350 0.2828571 68820   196.6286
 [2,] 0.05    0    0 0.0000000     0     0.0000
 [3,] 0.10    0    0 0.0000000     0     0.0000
 [4,] 0.15    0    0 0.0000000     0     0.0000
 [5,] 0.20    0    0 0.0000000     0     0.0000
 [6,] 0.25    0    0 0.0000000     0     0.0000
 [7,] 0.30    0    0 0.0000000     0     0.0000
 [8,] 0.35    0    0 0.0000000     0     0.0000
 [9,] 0.40    0    0 0.0000000     0     0.0000
[10,] 0.45    2    3 0.6666667  3780  1260.0000
[11,] 0.50    1    2 0.5000000  2230  1115.0000
[12,] 0.55    2    2 1.0000000  4630  2315.0000
[13,] 0.60    1    2 0.5000000  1910   955.0000
[14,] 0.65    0    1 0.0000000 -1400 -1400.0000
[15,] 0.70    0    1 0.0000000 -1400 -1400.0000
[16,] 0.75    0    2 0.0000000 -2800 -1400.0000
[17,] 0.80    1    1 1.0000000  1340  1340.0000
[18,] 0.85    1    2 0.5000000   200   100.0000
[19,] 0.90    0    0 0.0000000     0     0.0000
[20,] 0.95    1    2 0.5000000  2940  1470.0000
[21,] 1.00    1    5 0.2000000  1700   340.0000
[22,] 1.10    2    4 0.5000000  4650  1162.5000
[23,] 1.20    1    3 0.3333333  -840  -280.0000
[24,] 1.30    1    5 0.2000000 -2610  -522.0000
[25,] 1.40    1    3 0.3333333 -1020  -340.0000
[26,] 1.50    0    3 0.0000000 -4200 -1400.0000
[27,] 1.60    0    0 0.0000000     0     0.0000
[28,] 1.70    0    0 0.0000000     0     0.0000
[29,] 1.80    0    0 0.0000000     0     0.0000
[30,] 1.90    1    1 1.0000000  2480  2480.0000
[31,] 2.00    0    1 0.0000000 -1400 -1400.0000
[32,] 2.25    0    0 0.0000000     0     0.0000
[33,] 2.50    0    0 0.0000000     0     0.0000
[34,] 2.75    0    0 0.0000000     0     0.0000
[35,] 3.00    0    0 0.0000000     0     0.0000
[36,] 3.25    0    0 0.0000000     0     0.0000
[37,] 3.50    0    0 0.0000000     0     0.0000
[38,] 3.75    0    0 0.0000000     0     0.0000
[39,] 4.00    0    0 0.0000000     0     0.0000
[40,] 4.25    0    0 0.0000000     0     0.0000
[1] "<-----------14"
      [,1] [,2] [,3]      [,4]  [,5]       [,6]
 [1,] 0.00  111  376 0.2952128 83860   223.0319
 [2,] 0.05    0    0 0.0000000     0     0.0000
 [3,] 0.10    0    0 0.0000000     0     0.0000
 [4,] 0.15    0    1 0.0000000 -1400 -1400.0000
 [5,] 0.20    0    0 0.0000000     0     0.0000
 [6,] 0.25    0    0 0.0000000     0     0.0000
 [7,] 0.30    0    0 0.0000000     0     0.0000
 [8,] 0.35    1    1 1.0000000  1920  1920.0000
 [9,] 0.40    0    0 0.0000000     0     0.0000
[10,] 0.45    0    0 0.0000000     0     0.0000
[11,] 0.50    0    1 0.0000000 -1400 -1400.0000
[12,] 0.55    0    1 0.0000000 -1400 -1400.0000
[13,] 0.60    1    1 1.0000000  2350  2350.0000
[14,] 0.65    0    1 0.0000000 -1400 -1400.0000
[15,] 0.70    0    0 0.0000000     0     0.0000
[16,] 0.75    0    0 0.0000000     0     0.0000
[17,] 0.80    0    3 0.0000000 -4200 -1400.0000
[18,] 0.85    1    1 1.0000000  7300  7300.0000
[19,] 0.90    0    0 0.0000000     0     0.0000
[20,] 0.95    0    2 0.0000000 -2800 -1400.0000
[21,] 1.00    1    2 0.5000000   380   190.0000
[22,] 1.10    0    3 0.0000000 -4200 -1400.0000
[23,] 1.20    0    0 0.0000000     0     0.0000
[24,] 1.30    0    0 0.0000000     0     0.0000
[25,] 1.40    0    0 0.0000000     0     0.0000
[26,] 1.50    0    0 0.0000000     0     0.0000
[27,] 1.60    0    0 0.0000000     0     0.0000
[28,] 1.70    0    0 0.0000000     0     0.0000
[29,] 1.80    0    0 0.0000000     0     0.0000
[30,] 1.90    0    0 0.0000000     0     0.0000
[31,] 2.00    0    0 0.0000000     0     0.0000
[32,] 2.25    0    0 0.0000000     0     0.0000
[33,] 2.50    0    0 0.0000000     0     0.0000
[34,] 2.75    0    0 0.0000000     0     0.0000
[35,] 3.00    0    0 0.0000000     0     0.0000
[36,] 3.25    0    0 0.0000000     0     0.0000
[37,] 3.50    0    0 0.0000000     0     0.0000
[38,] 3.75    0    0 0.0000000     0     0.0000
[39,] 4.00    0    0 0.0000000     0     0.0000
[40,] 4.25    0    0 0.0000000     0     0.0000
[1] "<-----------15"
      [,1] [,2] [,3]      [,4]  [,5]     [,6]
 [1,] 0.00  115  393 0.2926209 79010 201.0433
 [2,] 0.05    0    0 0.0000000     0   0.0000
 [3,] 0.10    0    0 0.0000000     0   0.0000
 [4,] 0.15    0    0 0.0000000     0   0.0000
 [5,] 0.20    0    0 0.0000000     0   0.0000
 [6,] 0.25    0    0 0.0000000     0   0.0000
 [7,] 0.30    0    0 0.0000000     0   0.0000
 [8,] 0.35    0    0 0.0000000     0   0.0000
 [9,] 0.40    0    0 0.0000000     0   0.0000
[10,] 0.45    0    0 0.0000000     0   0.0000
[11,] 0.50    0    0 0.0000000     0   0.0000
[12,] 0.55    0    0 0.0000000     0   0.0000
[13,] 0.60    0    0 0.0000000     0   0.0000
[14,] 0.65    0    0 0.0000000     0   0.0000
[15,] 0.70    0    0 0.0000000     0   0.0000
[16,] 0.75    0    0 0.0000000     0   0.0000
[17,] 0.80    0    0 0.0000000     0   0.0000
[18,] 0.85    0    0 0.0000000     0   0.0000
[19,] 0.90    0    0 0.0000000     0   0.0000
[20,] 0.95    0    0 0.0000000     0   0.0000
[21,] 1.00    0    0 0.0000000     0   0.0000
[22,] 1.10    0    0 0.0000000     0   0.0000
[23,] 1.20    0    0 0.0000000     0   0.0000
[24,] 1.30    0    0 0.0000000     0   0.0000
[25,] 1.40    0    0 0.0000000     0   0.0000
[26,] 1.50    0    0 0.0000000     0   0.0000
[27,] 1.60    0    0 0.0000000     0   0.0000
[28,] 1.70    0    0 0.0000000     0   0.0000
[29,] 1.80    0    0 0.0000000     0   0.0000
[30,] 1.90    0    0 0.0000000     0   0.0000
[31,] 2.00    0    0 0.0000000     0   0.0000
[32,] 2.25    0    0 0.0000000     0   0.0000
[33,] 2.50    0    0 0.0000000     0   0.0000
[34,] 2.75    0    0 0.0000000     0   0.0000
[35,] 3.00    0    0 0.0000000     0   0.0000
[36,] 3.25    0    0 0.0000000     0   0.0000
[37,] 3.50    0    0 0.0000000     0   0.0000
[38,] 3.75    0    0 0.0000000     0   0.0000
[39,] 4.00    0    0 0.0000000     0   0.0000
[40,] 4.25    0    0 0.0000000     0   0.0000
[1] "<-----------16"
      [,1] [,2] [,3]      [,4]  [,5]     [,6]
 [1,] 0.00  115  393 0.2926209 79010 201.0433
 [2,] 0.05    0    0 0.0000000     0   0.0000
 [3,] 0.10    0    0 0.0000000     0   0.0000
 [4,] 0.15    0    0 0.0000000     0   0.0000
 [5,] 0.20    0    0 0.0000000     0   0.0000
 [6,] 0.25    0    0 0.0000000     0   0.0000
 [7,] 0.30    0    0 0.0000000     0   0.0000
 [8,] 0.35    0    0 0.0000000     0   0.0000
 [9,] 0.40    0    0 0.0000000     0   0.0000
[10,] 0.45    0    0 0.0000000     0   0.0000
[11,] 0.50    0    0 0.0000000     0   0.0000
[12,] 0.55    0    0 0.0000000     0   0.0000
[13,] 0.60    0    0 0.0000000     0   0.0000
[14,] 0.65    0    0 0.0000000     0   0.0000
[15,] 0.70    0    0 0.0000000     0   0.0000
[16,] 0.75    0    0 0.0000000     0   0.0000
[17,] 0.80    0    0 0.0000000     0   0.0000
[18,] 0.85    0    0 0.0000000     0   0.0000
[19,] 0.90    0    0 0.0000000     0   0.0000
[20,] 0.95    0    0 0.0000000     0   0.0000
[21,] 1.00    0    0 0.0000000     0   0.0000
[22,] 1.10    0    0 0.0000000     0   0.0000
[23,] 1.20    0    0 0.0000000     0   0.0000
[24,] 1.30    0    0 0.0000000     0   0.0000
[25,] 1.40    0    0 0.0000000     0   0.0000
[26,] 1.50    0    0 0.0000000     0   0.0000
[27,] 1.60    0    0 0.0000000     0   0.0000
[28,] 1.70    0    0 0.0000000     0   0.0000
[29,] 1.80    0    0 0.0000000     0   0.0000
[30,] 1.90    0    0 0.0000000     0   0.0000
[31,] 2.00    0    0 0.0000000     0   0.0000
[32,] 2.25    0    0 0.0000000     0   0.0000
[33,] 2.50    0    0 0.0000000     0   0.0000
[34,] 2.75    0    0 0.0000000     0   0.0000
[35,] 3.00    0    0 0.0000000     0   0.0000
[36,] 3.25    0    0 0.0000000     0   0.0000
[37,] 3.50    0    0 0.0000000     0   0.0000
[38,] 3.75    0    0 0.0000000     0   0.0000
[39,] 4.00    0    0 0.0000000     0   0.0000
[40,] 4.25    0    0 0.0000000     0   0.0000
[1] "<-----------17"
      [,1] [,2] [,3]      [,4]  [,5]       [,6]
 [1,]    0    2    6 0.3333333  2030  338.33333
 [2,]    1    0    0 0.0000000     0    0.00000
 [3,]    2    3   15 0.2000000 -6340 -422.66667
 [4,]    3    3   14 0.2142857  1790  127.85714
 [5,]    4   20   56 0.3571429 22150  395.53571
 [6,]    5   16   47 0.3404255 25480  542.12766
 [7,]    6   17   67 0.2537313 -1300  -19.40299
 [8,]    7    9   52 0.1730769 -9640 -185.38462
 [9,]    8   19   59 0.3220339 21420  363.05085
[10,]    9   11   34 0.3235294   930   27.35294
[11,]   10    6   21 0.2857143  3760  179.04762
[12,]   11    6   12 0.5000000 20350 1695.83333
[13,]   12    1    2 0.5000000  1910  955.00000
[14,]   13    1    1 1.0000000  2350 2350.00000
[15,]   14    0    0 0.0000000     0    0.00000
[16,]   15    0    0 0.0000000     0    0.00000
[17,]   16    0    0 0.0000000     0    0.00000
[18,]   17    0    0 0.0000000     0    0.00000
[19,]   18    0    0 0.0000000     0    0.00000
[20,]   19    0    0 0.0000000     0    0.00000
[21,]   20    0    0 0.0000000     0    0.00000
[22,]   21    0    0 0.0000000     0    0.00000
[23,]   22    0    0 0.0000000     0    0.00000
[24,]   23    0    0 0.0000000     0    0.00000
[25,]   24    0    0 0.0000000     0    0.00000
[26,]   25    0    0 0.0000000     0    0.00000
[27,]   26    0    0 0.0000000     0    0.00000
[28,]   27    0    0 0.0000000     0    0.00000
[29,]   28    0    0 0.0000000     0    0.00000
[30,]   29    0    0 0.0000000     0    0.00000
[31,]   30    0    0 0.0000000     0    0.00000
[32,]   31    0    0 0.0000000     0    0.00000
[33,]   32    0    0 0.0000000     0    0.00000
[34,]   33    0    0 0.0000000     0    0.00000
[35,]   34    0    0 0.0000000     0    0.00000
[36,]   35    0    0 0.0000000     0    0.00000
[37,]   36    0    0 0.0000000     0    0.00000
[38,]   37    0    0 0.0000000     0    0.00000
[39,]   38    0    0 0.0000000     0    0.00000
[40,]   39    0    0 0.0000000     0    0.00000
