[1] "R出力\\20170622_Tansho2_4_自動生成.txt"
[1] "通常"
[1]   4 284 252 263
[1] 0.8033918 0.7808737 0.7807246 0.7779038
[1] 0.9146067 0.8508584 0.8788687 0.8992819
[1] "指数"
[1]   4 263 273 251
[1] 0.8033918 0.7709618 0.7779038 0.7735421
[1] 0.9146067 0.9050439 0.8992819 0.8867320
[1] "選択↓"
[1] 4
   ユーザ   システム       経過  
    104.04       2.14     107.57 
[1] "通常"
[1] 438 308 305 378
[1] 0.8885870 0.8681063 0.8599451 0.8439797
[1] 0.9454545 0.9259669 0.9924686 1.0090909
[1] "指数"
[1]  21 309 396 397
[1] 0.8439797 0.8599451 0.8168033 0.8235537
[1] 1.0090909 0.9924686 0.9821429 0.9821429
[1] "選択↓"
[1] 309
   ユーザ   システム       経過  
    162.33       2.14     165.86 
[1] "通常"
[1] 438 437 378 420
[1] 0.9736842 0.9655589 0.9440816 0.9138763
[1] 1.027586 1.078378 1.022930 1.108411
[1] "指数"
[1]  21 396 397 421
[1] 0.9138763 0.8861614 0.8950083 0.9655589
[1] 1.108411 1.086735 1.086735 1.078378
[1] "選択↓"
[1] 421
   ユーザ   システム       経過  
    221.11       2.14     224.64 
[1] "通常"
[1] 441 121 338  33
[1] 1.027653 1.012258 1.012171 1.008361
[1] 1.118692 1.108333 1.129245 1.120000
[1] "指数"
[1]  26  32  27 421
[1] 0.9967638 0.9949833 0.9935484 0.9935484
[1] 1.150962 1.150000 1.140000 1.140000
[1] "選択↓"
[1] 26
   ユーザ   システム       経過  
    276.83       2.14     280.37 
[1] "通常"
[1] 441 116 338 107
[1] 1.062069 1.038947 1.038488 1.031673
[1] 1.197000 1.209091 1.185149 1.178947
[1] "指数"
[1] 121 305 378 440
[1] 1.038947 1.026667 1.019865 1.015488
[1] 1.209091 1.197000 1.197000 1.197000
[1] "選択↓"
[1] 121
   ユーザ   システム       経過  
    334.39       2.14     337.95 
[1] "通常"
[1] 441 384 434  30
[1] 1.100743 1.072826 1.072826 1.072826
[1] 1.260000 1.260000 1.246875 1.246875
[1] "指数"
[1] 305 440 441 384
[1] 1.072826 1.061172 1.100743 1.065108
[1] 1.260000 1.260000 1.260000 1.246875
[1] "選択↓"
[1] 441
   ユーザ   システム       経過  
    393.61       2.14     397.18 
[1] "通常"
[1] 338  32 384 434
[1] 1.139344 1.138846 1.134483 1.134483
[1] 1.302326 1.315385 1.301087 1.301087
[1] "指数"
[1] 305 440 384 434
[1] 1.138846 1.127237 1.139344 1.134483
[1] 1.315385 1.315385 1.302326 1.301087
[1] "選択↓"
[1] 384
   ユーザ   システム       経過  
    455.06       2.14     458.64 
[1] "通常"
[1] 305 338 434 440
[1] 1.175000 1.172996 1.170356 1.163454
[1] 1.360227 1.349398 1.344944 1.360227
[1] "指数"
[1] 305 440 434 316
[1] 1.175000 1.163454 1.172996 1.170356
[1] 1.360227 1.360227 1.349398 1.344944
[1] "選択↓"
[1] 305
   ユーザ   システム       経過  
    519.00       2.14     522.59 
[1] "通常"
[1] 338 434 436 445
[1] 1.219298 1.213525 1.203659 1.203659
[1] 1.417722 1.408235 1.391860 1.408235
[1] "指数"
[1] 338 434 440 445
[1] 1.219298 1.213525 1.202075 1.203659
[1] 1.417722 1.408235 1.408235 1.408235
[1] "選択↓"
[1] 338
   ユーザ   システム       経過  
    585.01       2.19     588.68 
[1] "通常"
[1] 434 440 436 432
[1] 1.263636 1.251613 1.246637 1.246637
[1] 1.473684 1.473684 1.454545 1.454545
[1] "指数"
[1] 434 440 316 432
[1] 1.263636 1.251613 1.246637 1.204036
[1] 1.473684 1.473684 1.454545 1.454545
[1] "選択↓"
[1] 434
   ユーザ   システム       経過  
    653.20       2.19     656.87 
[1] "通常"
[1] 440  32 436   3
[1] 1.299522 1.293365 1.293023 1.293023
[1] 1.534247 1.464384 1.513514 1.513514
[1] "指数"
[1] 440 315 316 432
[1] 1.299522 1.293023 1.248837 1.234272
[1] 1.534247 1.513514 1.513514 1.513514
[1] "選択↓"
[1] 440
   ユーザ   システム       経過  
    724.00       2.23     727.82 
[1] "通常"
[1] 354  32 436   3
[1] 1.332500 1.331373 1.331373 1.327861
[1] 1.527143 1.577465 1.577465 1.555072
[1] "指数"
[1]  21 315 316 432
[1] 1.331373 1.284804 1.269802 1.318447
[1] 1.577465 1.577465 1.577465 1.577465
[1] "選択↓"
[1] 21
   ユーザ   システム       経過  
    797.26       2.25     801.31 
[1] "通常"
[1] 354  33 436 445
[1] 1.366667 1.361735 1.358000 1.358000
[1] 1.572059 1.601493 1.600000 1.600000
[1] "指数"
[1] 315 316 432 447
[1] 1.317085 1.302030 1.351244 1.326633
[1] 1.623188 1.623188 1.623188 1.623188
[1] "選択↓"
[1] 432
   ユーザ   システム       経過  
    872.23       2.25     876.29 
[1] "通常"
[1] 354  37 445  35
[1] 1.388021 1.382902 1.378680 1.371717
[1] 1.619697 1.650769 1.647059 1.623188
[1] "指数"
[1] 315 316 447  38
[1] 1.337245 1.322165 1.346939 1.382902
[1] 1.671642 1.671642 1.671642 1.650769
[1] "選択↓"
[1] 38
   ユーザ   システム       経過  
    949.47       2.25     953.54 
[1] "通常"
[1] 354 445 436 353
[1] 1.402632 1.392821 1.388021 1.385714
[1] 1.644615 1.671642 1.619697 1.647059
[1] "指数"
[1] 315 316 447  22
[1] 1.351031 1.335938 1.360825 1.337245
[1] 1.696970 1.696970 1.696970 1.671642
[1] "選択↓"
[1] 447
   ユーザ   システム       経過  
   1028.78       2.25    1032.86 
[1] "通常"
[1] 354 445 445 353
[1] 1.402632 1.392821 1.389474 1.388021
[1] 1.644615 1.671642 1.723077 1.619697
[1] "指数"
[1] 315 316  32   1
[1] 1.346561 1.331016 1.367876 1.360209
[1] 1.750000 1.750000 1.723077 1.723077
[1] "選択↓"
[1] 32
   ユーザ   システム       経過  
   1110.62       2.25    1114.70 
[1] "通常"
[1] 354 445 436 445
[1] 1.404420 1.402632 1.401622 1.401622
[1] 1.703333 1.644615 1.703175 1.730645
[1] "指数"
[1] 315 316  22 314
[1] 1.365027 1.349171 1.346561 1.331016
[1] 1.759016 1.759016 1.750000 1.750000
[1] "選択↓"
[1] 315
   ユーザ   システム       経過  
   1194.81       2.25    1198.92 
[1] "通常"
[1] 354 445 436 445
[1] 1.404420 1.402632 1.401622 1.401622
[1] 1.703333 1.644615 1.703175 1.730645
[1] "指数"
[1]  22 433 444 445
[1] 1.372527 1.356354 1.372527 1.387778
[1] 1.788333 1.788333 1.788333 1.788333
[1] "選択↓"
[1] 445
   ユーザ   システム       経過  
   1280.59       2.26    1284.71 
[1] "通常"
[1] 354 436 436 445
[1] 1.414451 1.411299 1.404420 1.402632
[1] 1.792982 1.788333 1.703333 1.644615
[1] "指数"
[1]  22 433 444 435
[1] 1.395531 1.379213 1.395531 1.414451
[1] 1.818644 1.818644 1.818644 1.792982
[1] "選択↓"
[1] 435
   ユーザ   システム       経過  
   1368.97       2.26    1373.11 
[1] "通常"
[1] 354 353 436 436
[1] 1.439412 1.414451 1.414451 1.414451
[1] 1.858182 1.792982 1.825000 1.792982
[1] "指数"
[1] 354 352 353 435
[1] 1.439412 1.398286 1.398286 1.414451
[1] 1.858182 1.825000 1.825000 1.825000
[1] "選択↓"
[1] 354
   ユーザ   システム       経過  
   1459.84       2.29    1464.07 
     [,1] [,2] [,3] [,4] [,5] [,6] [,7] [,8] [,9] [,10] [,11] [,12] [,13]
[1,]    4  309  421   26  121  441  384  305  338   434   440    21   432
     [,14] [,15] [,16] [,17] [,18] [,19] [,20]
[1,]    38   447    32   315   445   435   354
[1] "UmahukuMat[\"10以下数\"] > 4.99  & UmahukuMat[\"馬複人気順3番\"] < 12.00  & UmahukuMat[\"単勝人気順11番\"]/UmahukuMat[\"単勝人気順12番\"] > 0.15  & UmahukuMat[\"馬複不人気順28番\"] < 680.00  & UmahukuMat[\"単勝人気順11番\"] < 210.00  & UmahukuMat[\"馬複人気順27番\"]/UmahukuMat[\"馬複人気順28番\"] < 1.00  & UmahukuMat[\"馬複人気順17番\"]/UmahukuMat[\"馬複人気順18番\"] > 0.73  & UmahukuMat[\"馬複人気順4番\"] < 16.00  & UmahukuMat[\"馬複人気順1番\"]/UmahukuMat[\"馬複人気順2番\"] > 0.57  & UmahukuMat[\"三連複人気順10番\"]/UmahukuMat[\"三連複人気順11番\"] < 1.00  & UmahukuMat[\"単勝人気順5番\"]/UmahukuMat[\"単勝人気順6番\"] < 0.98  & UmahukuMat[\"三連複人気順13番\"] > 27.99  & UmahukuMat[\"三連複人気順10番\"]/UmahukuMat[\"三連複人気順11番\"] > 0.61  & UmahukuMat[\"馬複不人気順5番\"] < 3400.00  & UmahukuMat[\"馬複人気順14番\"]/UmahukuMat[\"馬複人気順15番\"] < 1.00  & UmahukuMat[\"馬複不人気順12番\"] < 1400.00  & UmahukuMat[\"馬複人気順1番\"] < 10.00  & UmahukuMat[\"馬複人気順18番\"]/UmahukuMat[\"馬複人気順19番\"] < 1.00  & UmahukuMat[\"三連複人気順9番\"]/UmahukuMat[\"三連複人気順10番\"] < 1.00  & UmahukuMat[\"馬複人気順7番\"]/UmahukuMat[\"馬複人気順8番\"] > 0.71  & "
