[1] "R出力\\20170323_Tansho3_7_KISOfitted.txt"
[1] 380
[1] 62
[1] "<-----------10"
      [,1] [,2] [,3]      [,4]   [,5]       [,6] [,7] [,8] [,9]     [,10]  [,11]       [,12]
 [1,]    0    0    0 0.0000000      0   0.000000    0    0    0 0.0000000      0    0.000000
 [2,]    1    0    0 0.0000000      0   0.000000    1    0    0 0.0000000      0    0.000000
 [3,]    2   24  104 0.2307692   8110  77.980769    2    0   13 0.0000000  -3900 -300.000000
 [4,]    3  102  447 0.2281879  25410  56.845638    3   19   79 0.2405063   -580   -7.341772
 [5,]    4  130  652 0.1993865 -45450 -69.708589    4   20  121 0.1652893 -18580 -153.553719
 [6,]    5   86  352 0.2443182 -16090 -45.710227    5   18   75 0.2400000  -3650  -48.666667
 [7,]    6   36   91 0.3956044    740   8.131868    6    4   11 0.3636364   -120  -10.909091
 [8,]    7    2    6 0.3333333     50   8.333333    7    1    2 0.5000000    270  135.000000
 [9,]    8    0    0 0.0000000      0   0.000000    8    0    0 0.0000000      0    0.000000
[10,]    9    0    0 0.0000000      0   0.000000    9    0    0 0.0000000      0    0.000000
[11,]   10    0    0 0.0000000      0   0.000000   10    0    0 0.0000000      0    0.000000
[12,]   11    0    0 0.0000000      0   0.000000   11    0    0 0.0000000      0    0.000000
[13,]   12    0    0 0.0000000      0   0.000000   12    0    0 0.0000000      0    0.000000
[1] -27230
[1] -26560
[1] 380
[1] 62
[1] "<-----------20"
      [,1] [,2] [,3]      [,4]   [,5]       [,6] [,7] [,8] [,9]     [,10]  [,11]      [,12]
 [1,]    0    0    0 0.0000000      0   0.000000    0    0    0 0.0000000      0    0.00000
 [2,]    1    0    0 0.0000000      0   0.000000    1    0    0 0.0000000      0    0.00000
 [3,]    2    0    0 0.0000000      0   0.000000    2    0    0 0.0000000      0    0.00000
 [4,]    3    2   11 0.1818182    830  75.454545    3    0    3 0.0000000   -900 -300.00000
 [5,]    4   31  158 0.1962025  18690 118.291139    4    3   29 0.1034483  -5690 -196.20690
 [6,]    5  102  484 0.2107438  -2150  -4.442149    5   22   99 0.2222222  -4820  -48.68687
 [7,]    6  110  464 0.2370690 -26340 -56.767241    6   14   72 0.1944444 -11080 -153.88889
 [8,]    7   82  319 0.2570533  -8390 -26.300940    7   15   59 0.2542373  -1210  -20.50847
 [9,]    8   39  160 0.2437500  -8890 -55.562500    8    6   30 0.2000000  -1920  -64.00000
[10,]    9   13   48 0.2708333   -230  -4.791667    9    2    7 0.2857143   -340  -48.57143
[11,]   10    1    8 0.1250000   -750 -93.750000   10    0    2 0.0000000   -600 -300.00000
[12,]   11    0    0 0.0000000      0   0.000000   11    0    0 0.0000000      0    0.00000
[13,]   12    0    0 0.0000000      0   0.000000   12    0    0 0.0000000      0    0.00000
[1] -27230
[1] -26560
[1] 380
[1] 62
[1] "<-----------30"
      [,1] [,2] [,3]      [,4]   [,5]      [,6] [,7] [,8] [,9]     [,10] [,11]      [,12]
 [1,]    0    0    0 0.0000000      0   0.00000    0    0    0 0.0000000     0    0.00000
 [2,]    1    0    0 0.0000000      0   0.00000    1    0    0 0.0000000     0    0.00000
 [3,]    2    0    0 0.0000000      0   0.00000    2    0    0 0.0000000     0    0.00000
 [4,]    3    0    0 0.0000000      0   0.00000    3    0    0 0.0000000     0    0.00000
 [5,]    4    0    0 0.0000000      0   0.00000    4    0    0 0.0000000     0    0.00000
 [6,]    5   40  201 0.1990050  11420  56.81592    5    9   52 0.1730769 -5430 -104.42308
 [7,]    6   83  395 0.2101266 -14320 -36.25316    6   13   72 0.1805556 -8990 -124.86111
 [8,]    7  122  434 0.2811060  19350  44.58525    7   18   74 0.2432432 -3840  -51.89189
 [9,]    8   69  328 0.2103659 -24670 -75.21341    8   12   50 0.2400000 -3080  -61.60000
[10,]    9   43  195 0.2205128 -15870 -81.38462    9    5   38 0.1315789 -6150 -161.84211
[11,]   10   15   67 0.2238806  -4580 -68.35821   10    4   12 0.3333333   630   52.50000
[12,]   11    6   28 0.2142857  -2350 -83.92857   11    1    3 0.3333333   300  100.00000
[13,]   12    2    4 0.5000000   3790 947.50000   12    0    0 0.0000000     0    0.00000
[1] -27230
[1] -26560
[1] 380
[1] 62
[1] "<-----------50"
      [,1] [,2] [,3]       [,4]   [,5]        [,6] [,7] [,8] [,9]      [,10] [,11]      [,12]
 [1,]    0   34  111 0.30630631   8910   80.270270    0    8   22 0.36363636  -420  -19.09091
 [2,]    1   62  285 0.21754386 -17970  -63.052632    1    8   42 0.19047619 -3180  -75.71429
 [3,]    2   96  417 0.23021583  -2340   -5.611511    2   17   64 0.26562500   180    2.81250
 [4,]    3   88  372 0.23655914  -7740  -20.806452    3   10   65 0.15384615 -9500 -146.15385
 [5,]    4   69  264 0.26136364   7660   29.015152    4   12   53 0.22641509 -4790  -90.37736
 [6,]    5   22  125 0.17600000  -3050  -24.400000    5    5   35 0.14285714 -4470 -127.71429
 [7,]    6    7   59 0.11864407 -12760 -216.271186    6    1   14 0.07142857 -3160 -225.71429
 [8,]    7    1   12 0.08333333   1580  131.666667    7    0    2 0.00000000  -600 -300.00000
 [9,]    8    1    7 0.14285714  -1520 -217.142857    8    1    4 0.25000000  -620 -155.00000
[10,]    9    0    0 0.00000000      0    0.000000    9    0    0 0.00000000     0    0.00000
[11,]   10    0    0 0.00000000      0    0.000000   10    0    0 0.00000000     0    0.00000
[12,]   11    0    0 0.00000000      0    0.000000   11    0    0 0.00000000     0    0.00000
[13,]   12    0    0 0.00000000      0    0.000000   12    0    0 0.00000000     0    0.00000
[1] -27230
[1] -26560
[1] 380
[1] 62
[1] "<-----------70"
      [,1] [,2] [,3]      [,4]   [,5]        [,6] [,7] [,8] [,9]     [,10] [,11]      [,12]
 [1,]    0   64  243 0.2633745   2800   11.522634    0   12   40 0.3000000  -630  -15.75000
 [2,]    1  104  455 0.2285714 -15010  -32.989011    1   18   68 0.2647059 -1760  -25.88235
 [3,]    2  111  443 0.2505643   4820   10.880361    2   12   71 0.1690141 -8560 -120.56338
 [4,]    3   56  285 0.1964912 -13530  -47.473684    3   12   63 0.1904762 -6100  -96.82540
 [5,]    4   34  144 0.2361111   3120   21.666667    4    5   34 0.1470588 -4660 -137.05882
 [6,]    5    8   60 0.1333333  -8940 -149.000000    5    2   15 0.1333333 -2430 -162.00000
 [7,]    6    2   19 0.1052632   -170   -8.947368    6    0    7 0.0000000 -2100 -300.00000
 [8,]    7    1    1 1.0000000    280  280.000000    7    1    1 1.0000000   280  280.00000
 [9,]    8    0    2 0.0000000   -600 -300.000000    8    0    2 0.0000000  -600 -300.00000
[10,]    9    0    0 0.0000000      0    0.000000    9    0    0 0.0000000     0    0.00000
[11,]   10    0    0 0.0000000      0    0.000000   10    0    0 0.0000000     0    0.00000
[12,]   11    0    0 0.0000000      0    0.000000   11    0    0 0.0000000     0    0.00000
[13,]   12    0    0 0.0000000      0    0.000000   12    0    0 0.0000000     0    0.00000
[1] -27230
[1] -26560
[1] 380
[1] 62
[1] "<-----------100"
      [,1] [,2] [,3]      [,4]   [,5]         [,6] [,7] [,8] [,9]     [,10]  [,11]       [,12]
 [1,]    0  136  585 0.2324786 -16850  -28.8034188    0   27   93 0.2903226   -460   -4.946237
 [2,]    1  117  494 0.2368421  -3330   -6.7408907    1   16   77 0.2077922  -6170  -80.129870
 [3,]    2   73  311 0.2347267   -100   -0.3215434    2    9   67 0.1343284 -10460 -156.119403
 [4,]    3   43  178 0.2415730   1200    6.7415730    3    7   40 0.1750000  -5380 -134.500000
 [5,]    4    7   65 0.1076923  -9450 -145.3846154    4    3   18 0.1666667  -2290 -127.222222
 [6,]    5    4   17 0.2352941   1900  111.7647059    5    0    5 0.0000000  -1500 -300.000000
 [7,]    6    0    1 0.0000000   -300 -300.0000000    6    0    0 0.0000000      0    0.000000
 [8,]    7    0    1 0.0000000   -300 -300.0000000    7    0    1 0.0000000   -300 -300.000000
 [9,]    8    0    0 0.0000000      0    0.0000000    8    0    0 0.0000000      0    0.000000
[10,]    9    0    0 0.0000000      0    0.0000000    9    0    0 0.0000000      0    0.000000
[11,]   10    0    0 0.0000000      0    0.0000000   10    0    0 0.0000000      0    0.000000
[12,]   11    0    0 0.0000000      0    0.0000000   11    0    0 0.0000000      0    0.000000
[13,]   12    0    0 0.0000000      0    0.0000000   12    0    0 0.0000000      0    0.000000
[1] -27230
[1] -26560
[1] 394
[1] 64
[1] "<-----------馬複人気順1番   開始範囲:終了範囲=0:35   倍率=0.4倍"
      [,1] [,2] [,3]      [,4]   [,5]        [,6] [,7] [,8] [,9]     [,10] [,11]       [,12]
 [1,]    0    0    0 0.0000000      0    0.000000    0    0    0 0.0000000     0    0.000000
 [2,]    1    0    0 0.0000000      0    0.000000    1    0    0 0.0000000     0    0.000000
 [3,]    2    0    0 0.0000000      0    0.000000    2    0    0 0.0000000     0    0.000000
 [4,]    3    0    0 0.0000000      0    0.000000    3    0    0 0.0000000     0    0.000000
 [5,]    4    0    0 0.0000000      0    0.000000    4    0    0 0.0000000     0    0.000000
 [6,]    5    0    0 0.0000000      0    0.000000    5    0    0 0.0000000     0    0.000000
 [7,]    6   21  125 0.1680000   6750   54.000000    6    2   20 0.1000000 -3800 -190.000000
 [8,]    7   27  121 0.2231405   4010   33.140496    7    3   20 0.1500000 -3340 -167.000000
 [9,]    8   32  152 0.2105263   1900   12.500000    8    5   28 0.1785714 -2060  -73.571429
[10,]    9   31  144 0.2152778   2500   17.361111    9    6   24 0.2500000  -960  -40.000000
[11,]   10   34  178 0.1910112  -9720  -54.606742   10    5   41 0.1219512 -5560 -135.609756
[12,]   11   40  192 0.2083333 -12140  -63.229167   11    4   30 0.1333333 -5710 -190.333333
[13,]   12   31  118 0.2627119  -6160  -52.203390   12    2   21 0.0952381 -4850 -230.952381
[14,]   13   39  146 0.2671233   3600   24.657534   13    5   27 0.1851852 -3800 -140.740741
[15,]   14   20   89 0.2247191  -3010  -33.820225   14    7   12 0.5833333  2090  174.166667
[16,]   15   30   79 0.3797468   7050   89.240506   15    5   14 0.3571429   -80   -5.714286
[17,]   16   21   86 0.2441860  -4580  -53.255814   16    5   22 0.2272727 -1750  -79.545455
[18,]   17   14   50 0.2800000  -2710  -54.200000   17    3   10 0.3000000  -590  -59.000000
[19,]   18   16   63 0.2539683  -5460  -86.666667   18    3   10 0.3000000  -240  -24.000000
[20,]   19    7   30 0.2333333  -3080 -102.666667   19    2    5 0.4000000   560  112.000000
[21,]   20    6   26 0.2307692  -3530 -135.769231   20    2    4 0.5000000   830  207.500000
[22,]   21    3   18 0.1666667  -2380 -132.222222   21    2    5 0.4000000   950  190.000000
[23,]   22    6   22 0.2727273    480   21.818182   22    1    1 1.0000000   480  480.000000
[24,]   23    5   14 0.3571429  -1570 -112.142857   23    0    1 0.0000000  -300 -300.000000
[25,]   24    3    9 0.3333333    -70   -7.777778   24    1    4 0.2500000  -330  -82.500000
[26,]   25    1    4 0.2500000   -330  -82.500000   25    0    0 0.0000000     0    0.000000
[27,]   26    3    8 0.3750000   -290  -36.250000   26    0    2 0.0000000  -600 -300.000000
[28,]   27    2    5 0.4000000   2460  492.000000   27    0    0 0.0000000     0    0.000000
[29,]   28    0    2 0.0000000   -600 -300.000000   28    0    0 0.0000000     0    0.000000
[30,]   29    0    4 0.0000000  -1200 -300.000000   29    0    1 0.0000000  -300 -300.000000
[31,]   30    0    0 0.0000000      0    0.000000   30    0    0 0.0000000     0    0.000000
[32,]   31    2    4 0.5000000    470  117.500000   31    1    2 0.5000000   300  150.000000
[33,]   32    0    1 0.0000000   -300 -300.000000   32    0    0 0.0000000     0    0.000000
[34,]   33    0    0 0.0000000      0    0.000000   33    0    0 0.0000000     0    0.000000
[35,]   34    0    0 0.0000000      0    0.000000   34    0    0 0.0000000     0    0.000000
[1] -28510
[1] -29060
[1] 380
[1] 62
[1] "<-----------馬複人気順2番   開始範囲:終了範囲=0:50   倍率=0.5倍"
      [,1] [,2] [,3]       [,4]   [,5]        [,6] [,7] [,8] [,9]     [,10] [,11]      [,12]
 [1,]    0    0    0 0.00000000      0    0.000000    0    0    0 0.0000000     0    0.00000
 [2,]    1    0    0 0.00000000      0    0.000000    1    0    0 0.0000000     0    0.00000
 [3,]    2    0    0 0.00000000      0    0.000000    2    0    0 0.0000000     0    0.00000
 [4,]    3    0    0 0.00000000      0    0.000000    3    0    0 0.0000000     0    0.00000
 [5,]    4    0    0 0.00000000      0    0.000000    4    0    0 0.0000000     0    0.00000
 [6,]    5    0    0 0.00000000      0    0.000000    5    0    0 0.0000000     0    0.00000
 [7,]    6    0    0 0.00000000      0    0.000000    6    0    0 0.0000000     0    0.00000
 [8,]    7    9   51 0.17647059   5140  100.784314    7    1    7 0.1428571  -980 -140.00000
 [9,]    8   23   91 0.25274725  14400  158.241758    8    2   19 0.1052632 -3810 -200.52632
[10,]    9   24  127 0.18897638  -7070  -55.669291    9    6   23 0.2608696  1070   46.52174
[11,]   10   36  156 0.23076923  -2300  -14.743590   10    5   22 0.2272727 -1100  -50.00000
[12,]   11   28  160 0.17500000 -13150  -82.187500   11    4   32 0.1250000 -6460 -201.87500
[13,]   12   37  163 0.22699387  -7640  -46.871166   12    4   26 0.1538462 -3780 -145.38462
[14,]   13   35  165 0.21212121  -2060  -12.484848   13    6   25 0.2400000    20    0.80000
[15,]   14   43  152 0.28289474  11210   73.750000   14    8   41 0.1951220 -4630 -112.92683
[16,]   15   30  122 0.24590164  -2230  -18.278689   15    6   27 0.2222222 -2500  -92.59259
[17,]   16   24   98 0.24489796  -4710  -48.061224   16    6   22 0.2727273 -1450  -65.90909
[18,]   17   22   81 0.27160494  -1470  -18.148148   17    2    7 0.2857143  -660  -94.28571
[19,]   18   13   67 0.19402985  -6060  -90.447761   18    2   13 0.1538462 -1480 -113.84615
[20,]   19   14   56 0.25000000   -920  -16.428571   19    0    5 0.0000000 -1500 -300.00000
[21,]   20   17   51 0.33333333   -200   -3.921569   20    4   11 0.3636364  1320  120.00000
[22,]   21    6   25 0.24000000  -1830  -73.200000   21    1    5 0.2000000     0    0.00000
[23,]   22    4   23 0.17391304  -4320 -187.826087   22    2    3 0.6666667   630  210.00000
[24,]   23    9   24 0.37500000    480   20.000000   23    2    4 0.5000000   550  137.50000
[25,]   24    2   11 0.18181818  -1700 -154.545455   24    0    0 0.0000000     0    0.00000
[26,]   25    1   13 0.07692308  -3000 -230.769231   25    1    5 0.2000000  -600 -120.00000
[27,]   26    1    3 0.33333333    -10   -3.333333   26    0    1 0.0000000  -300 -300.00000
[28,]   27    1    7 0.14285714  -1330 -190.000000   27    0    2 0.0000000  -600 -300.00000
[29,]   28    0    2 0.00000000   -600 -300.000000   28    0    1 0.0000000  -300 -300.00000
[30,]   29    1    1 1.00000000   3040 3040.000000   29    0    0 0.0000000     0    0.00000
[31,]   30    0    0 0.00000000      0    0.000000   30    0    0 0.0000000     0    0.00000
[32,]   31    0    2 0.00000000   -600 -300.000000   31    0    0 0.0000000     0    0.00000
[33,]   32    0    0 0.00000000      0    0.000000   32    0    0 0.0000000     0    0.00000
[34,]   33    0    0 0.00000000      0    0.000000   33    0    0 0.0000000     0    0.00000
[35,]   34    0    0 0.00000000      0    0.000000   34    0    0 0.0000000     0    0.00000
[36,]   35    0    0 0.00000000      0    0.000000   35    0    0 0.0000000     0    0.00000
[37,]   36    0    1 0.00000000   -300 -300.000000   36    0    0 0.0000000     0    0.00000
[38,]   37    0    0 0.00000000      0    0.000000   37    0    0 0.0000000     0    0.00000
[39,]   38    0    0 0.00000000      0    0.000000   38    0    0 0.0000000     0    0.00000
[40,]   39    0    0 0.00000000      0    0.000000   39    0    0 0.0000000     0    0.00000
[41,]   40    0    0 0.00000000      0    0.000000   40    0    0 0.0000000     0    0.00000
[42,]   41    0    0 0.00000000      0    0.000000   41    0    0 0.0000000     0    0.00000
[43,]   42    0    0 0.00000000      0    0.000000   42    0    0 0.0000000     0    0.00000
[44,]   43    0    0 0.00000000      0    0.000000   43    0    0 0.0000000     0    0.00000
[45,]   44    0    0 0.00000000      0    0.000000   44    0    0 0.0000000     0    0.00000
[46,]   45    0    0 0.00000000      0    0.000000   45    0    0 0.0000000     0    0.00000
[47,]   46    0    0 0.00000000      0    0.000000   46    0    0 0.0000000     0    0.00000
[48,]   47    0    0 0.00000000      0    0.000000   47    0    0 0.0000000     0    0.00000
[49,]   48    0    0 0.00000000      0    0.000000   48    0    0 0.0000000     0    0.00000
[50,]   49    0    0 0.00000000      0    0.000000   49    0    0 0.0000000     0    0.00000
[1] -27230
[1] -26560
[1] 380
[1] 62
[1] "<-----------馬複人気順3番   開始範囲:終了範囲=0:30   倍率=1倍"
      [,1] [,2] [,3]      [,4]   [,5]       [,6] [,7] [,8] [,9]     [,10] [,11]      [,12]
 [1,]    0    0    0 0.0000000      0    0.00000    0    0    0 0.0000000     0    0.00000
 [2,]    1    0    0 0.0000000      0    0.00000    1    0    0 0.0000000     0    0.00000
 [3,]    2    0    0 0.0000000      0    0.00000    2    0    0 0.0000000     0    0.00000
 [4,]    3    0    0 0.0000000      0    0.00000    3    0    0 0.0000000     0    0.00000
 [5,]    4    4   23 0.1739130   2810  122.17391    4    0    7 0.0000000 -2100 -300.00000
 [6,]    5   19   94 0.2021277  -3130  -33.29787    5    3   14 0.2142857 -1490 -106.42857
 [7,]    6   51  216 0.2361111   8590   39.76852    6    7   34 0.2058824 -3460 -101.76471
 [8,]    7   66  276 0.2391304   3390   12.28261    7   13   57 0.2280702 -2370  -41.57895
 [9,]    8   61  328 0.1859756 -26240  -80.00000    8   11   60 0.1833333 -8860 -147.66667
[10,]    9   67  264 0.2537879  -1570   -5.94697    9   10   42 0.2380952 -1040  -24.76190
[11,]   10   50  193 0.2590674  -3190  -16.52850   10    9   30 0.3000000   530   17.66667
[12,]   11   28  118 0.2372881  -6800  -57.62712   11    4   27 0.1481481 -2950 -109.25926
[13,]   12   13   51 0.2549020   1050   20.58824   12    2   13 0.1538462 -2370 -182.30769
[14,]   13   14   53 0.2641509   -970  -18.30189   13    2   11 0.1818182 -1620 -147.27273
[15,]   14    3   14 0.2142857   -600  -42.85714   14    1    2 0.5000000   370  185.00000
[16,]   15    3   13 0.2307692  -1210  -93.07692   15    0    2 0.0000000  -600 -300.00000
[17,]   16    1    5 0.2000000   1840  368.00000   16    0    1 0.0000000  -300 -300.00000
[18,]   17    0    2 0.0000000   -600 -300.00000   17    0    1 0.0000000  -300 -300.00000
[19,]   18    0    1 0.0000000   -300 -300.00000   18    0    0 0.0000000     0    0.00000
[20,]   19    0    1 0.0000000   -300 -300.00000   19    0    0 0.0000000     0    0.00000
[21,]   20    0    0 0.0000000      0    0.00000   20    0    0 0.0000000     0    0.00000
[22,]   21    0    0 0.0000000      0    0.00000   21    0    0 0.0000000     0    0.00000
[23,]   22    0    0 0.0000000      0    0.00000   22    0    0 0.0000000     0    0.00000
[24,]   23    0    0 0.0000000      0    0.00000   23    0    0 0.0000000     0    0.00000
[25,]   24    0    0 0.0000000      0    0.00000   24    0    0 0.0000000     0    0.00000
[26,]   25    0    0 0.0000000      0    0.00000   25    0    0 0.0000000     0    0.00000
[27,]   26    0    0 0.0000000      0    0.00000   26    0    0 0.0000000     0    0.00000
[28,]   27    0    0 0.0000000      0    0.00000   27    0    0 0.0000000     0    0.00000
[29,]   28    0    0 0.0000000      0    0.00000   28    0    0 0.0000000     0    0.00000
[30,]   29    0    0 0.0000000      0    0.00000   29    0    0 0.0000000     0    0.00000
[1] -27230
[1] -26560
[1] 380
[1] 62
[1] "<-----------馬複人気順4番   開始範囲:終了範囲=0:40   倍率=1倍"
      [,1] [,2] [,3]      [,4]   [,5]         [,6] [,7] [,8] [,9]      [,10]  [,11]      [,12]
 [1,]    0    0    0 0.0000000      0    0.0000000    0    0    0 0.00000000      0    0.00000
 [2,]    1    0    0 0.0000000      0    0.0000000    1    0    0 0.00000000      0    0.00000
 [3,]    2    0    0 0.0000000      0    0.0000000    2    0    0 0.00000000      0    0.00000
 [4,]    3    0    0 0.0000000      0    0.0000000    3    0    0 0.00000000      0    0.00000
 [5,]    4    0    0 0.0000000      0    0.0000000    4    0    0 0.00000000      0    0.00000
 [6,]    5    0    0 0.0000000      0    0.0000000    5    0    0 0.00000000      0    0.00000
 [7,]    6    8   25 0.3200000   2110   84.4000000    6    1    3 0.33333333    270   90.00000
 [8,]    7   18   82 0.2195122   4600   56.0975610    7    4   17 0.23529412   -820  -48.23529
 [9,]    8   41  164 0.2500000   9750   59.4512195    8    7   27 0.25925926  -2290  -84.81481
[10,]    9   53  224 0.2366071  -8220  -36.6964286    9   11   48 0.22916667  -4090  -85.20833
[11,]   10   60  277 0.2166065 -16130  -58.2310469   10    9   44 0.20454545  -3930  -89.31818
[12,]   11   52  274 0.1897810 -14590  -53.2481752   11    5   53 0.09433962 -10340 -195.09434
[13,]   12   50  201 0.2487562  -4430  -22.0398010   12    7   32 0.21875000  -2870  -89.68750
[14,]   13   50  172 0.2906977   7380   42.9069767   13    8   30 0.26666667  -1300  -43.33333
[15,]   14   22   95 0.2315789     80    0.8421053   14    2   19 0.10526316  -3320 -174.73684
[16,]   15   13   67 0.1940299  -4880  -72.8358209   15    3   13 0.23076923   -390  -30.00000
[17,]   16    6   34 0.1764706  -3000  -88.2352941   16    2    6 0.33333333    240   40.00000
[18,]   17    2   21 0.0952381  -4220 -200.9523810   17    1    5 0.20000000   -190  -38.00000
[19,]   18    2    7 0.2857143    710  101.4285714   18    1    3 0.33333333   1020  340.00000
[20,]   19    3    6 0.5000000   4510  751.6666667   19    1    1 1.00000000   1450 1450.00000
[21,]   20    0    2 0.0000000   -600 -300.0000000   20    0    0 0.00000000      0    0.00000
[22,]   21    0    0 0.0000000      0    0.0000000   21    0    0 0.00000000      0    0.00000
[23,]   22    0    0 0.0000000      0    0.0000000   22    0    0 0.00000000      0    0.00000
[24,]   23    0    0 0.0000000      0    0.0000000   23    0    0 0.00000000      0    0.00000
[25,]   24    0    1 0.0000000   -300 -300.0000000   24    0    0 0.00000000      0    0.00000
[26,]   25    0    0 0.0000000      0    0.0000000   25    0    0 0.00000000      0    0.00000
[27,]   26    0    0 0.0000000      0    0.0000000   26    0    0 0.00000000      0    0.00000
[28,]   27    0    0 0.0000000      0    0.0000000   27    0    0 0.00000000      0    0.00000
[29,]   28    0    0 0.0000000      0    0.0000000   28    0    0 0.00000000      0    0.00000
[30,]   29    0    0 0.0000000      0    0.0000000   29    0    0 0.00000000      0    0.00000
[31,]   30    0    0 0.0000000      0    0.0000000   30    0    0 0.00000000      0    0.00000
[32,]   31    0    0 0.0000000      0    0.0000000   31    0    0 0.00000000      0    0.00000
[33,]   32    0    0 0.0000000      0    0.0000000   32    0    0 0.00000000      0    0.00000
[34,]   33    0    0 0.0000000      0    0.0000000   33    0    0 0.00000000      0    0.00000
[35,]   34    0    0 0.0000000      0    0.0000000   34    0    0 0.00000000      0    0.00000
[36,]   35    0    0 0.0000000      0    0.0000000   35    0    0 0.00000000      0    0.00000
[37,]   36    0    0 0.0000000      0    0.0000000   36    0    0 0.00000000      0    0.00000
[38,]   37    0    0 0.0000000      0    0.0000000   37    0    0 0.00000000      0    0.00000
[39,]   38    0    0 0.0000000      0    0.0000000   38    0    0 0.00000000      0    0.00000
[40,]   39    0    0 0.0000000      0    0.0000000   39    0    0 0.00000000      0    0.00000
[1] -27230
[1] -26560
[1] 380
[1] 62
[1] "<-----------馬複人気順5番   開始範囲:終了範囲=0:45   倍率=1倍"
      [,1] [,2] [,3]      [,4]   [,5]        [,6] [,7] [,8] [,9]     [,10] [,11]       [,12]
 [1,]    0    0    0 0.0000000      0    0.000000    0    0    0 0.0000000     0    0.000000
 [2,]    1    0    0 0.0000000      0    0.000000    1    0    0 0.0000000     0    0.000000
 [3,]    2    0    0 0.0000000      0    0.000000    2    0    0 0.0000000     0    0.000000
 [4,]    3    0    0 0.0000000      0    0.000000    3    0    0 0.0000000     0    0.000000
 [5,]    4    0    0 0.0000000      0    0.000000    4    0    0 0.0000000     0    0.000000
 [6,]    5    0    0 0.0000000      0    0.000000    5    0    0 0.0000000     0    0.000000
 [7,]    6    0    0 0.0000000      0    0.000000    6    0    0 0.0000000     0    0.000000
 [8,]    7    2    8 0.2500000   -420  -52.500000    7    1    1 1.0000000   170  170.000000
 [9,]    8    8   33 0.2424242   -360  -10.909091    8    1    9 0.1111111 -1850 -205.555556
[10,]    9   19   79 0.2405063  -8120 -102.784810    9    7   21 0.3333333   420   20.000000
[11,]   10   33  131 0.2519084  12000   91.603053   10    3   24 0.1250000 -5000 -208.333333
[12,]   11   54  198 0.2727273  -2410  -12.171717   11   12   38 0.3157895  1160   30.526316
[13,]   12   53  260 0.2038462  -7570  -29.115385   12    6   37 0.1621622 -4000 -108.108108
[14,]   13   58  253 0.2292490  -5560  -21.976285   13    8   38 0.2105263 -2330  -61.315789
[15,]   14   57  231 0.2467532    300    1.298701   14   10   43 0.2325581 -4450 -103.488372
[16,]   15   34  155 0.2193548  -8670  -55.935484   15    3   29 0.1034483 -5670 -195.517241
[17,]   16   31  129 0.2403101   4510   34.961240   16    6   21 0.2857143   -30   -1.428571
[18,]   17   12   81 0.1481481 -13400 -165.432099   17    0   17 0.0000000 -5100 -300.000000
[19,]   18    7   46 0.1521739  -4230  -91.956522   18    1   10 0.1000000 -1080 -108.000000
[20,]   19    7   26 0.2692308    160    6.153846   19    3   11 0.2727273    50    4.545455
[21,]   20    3   12 0.2500000   3140  261.666667   20    1    1 1.0000000  1450 1450.000000
[22,]   21    1    5 0.2000000   3680  736.000000   21    0    1 0.0000000  -300 -300.000000
[23,]   22    0    1 0.0000000   -300 -300.000000   22    0    0 0.0000000     0    0.000000
[24,]   23    1    3 0.3333333    320  106.666667   23    0    0 0.0000000     0    0.000000
[25,]   24    0    1 0.0000000   -300 -300.000000   24    0    0 0.0000000     0    0.000000
[26,]   25    0    0 0.0000000      0    0.000000   25    0    0 0.0000000     0    0.000000
[27,]   26    0    0 0.0000000      0    0.000000   26    0    0 0.0000000     0    0.000000
[28,]   27    0    0 0.0000000      0    0.000000   27    0    0 0.0000000     0    0.000000
[29,]   28    0    0 0.0000000      0    0.000000   28    0    0 0.0000000     0    0.000000
[30,]   29    0    0 0.0000000      0    0.000000   29    0    0 0.0000000     0    0.000000
[31,]   30    0    0 0.0000000      0    0.000000   30    0    0 0.0000000     0    0.000000
[32,]   31    0    0 0.0000000      0    0.000000   31    0    0 0.0000000     0    0.000000
[33,]   32    0    0 0.0000000      0    0.000000   32    0    0 0.0000000     0    0.000000
[34,]   33    0    0 0.0000000      0    0.000000   33    0    0 0.0000000     0    0.000000
[35,]   34    0    0 0.0000000      0    0.000000   34    0    0 0.0000000     0    0.000000
[36,]   35    0    0 0.0000000      0    0.000000   35    0    0 0.0000000     0    0.000000
[37,]   36    0    0 0.0000000      0    0.000000   36    0    0 0.0000000     0    0.000000
[38,]   37    0    0 0.0000000      0    0.000000   37    0    0 0.0000000     0    0.000000
[39,]   38    0    0 0.0000000      0    0.000000   38    0    0 0.0000000     0    0.000000
[40,]   39    0    0 0.0000000      0    0.000000   39    0    0 0.0000000     0    0.000000
[41,]   40    0    0 0.0000000      0    0.000000   40    0    0 0.0000000     0    0.000000
[42,]   41    0    0 0.0000000      0    0.000000   41    0    0 0.0000000     0    0.000000
[43,]   42    0    0 0.0000000      0    0.000000   42    0    0 0.0000000     0    0.000000
[44,]   43    0    0 0.0000000      0    0.000000   43    0    0 0.0000000     0    0.000000
[45,]   44    0    0 0.0000000      0    0.000000   44    0    0 0.0000000     0    0.000000
[1] -27230
[1] -26560
[1] 380
[1] 62
[1] "<-----------馬複人気順6番   開始範囲:終了範囲=0:30   倍率=2倍"
      [,1] [,2] [,3]      [,4]   [,5]       [,6] [,7] [,8] [,9]     [,10] [,11]      [,12]
 [1,]    0    0    0 0.0000000      0   0.000000    0    0    0 0.0000000     0    0.00000
 [2,]    1    0    0 0.0000000      0   0.000000    1    0    0 0.0000000     0    0.00000
 [3,]    2    0    0 0.0000000      0   0.000000    2    0    0 0.0000000     0    0.00000
 [4,]    3    0    0 0.0000000      0   0.000000    3    0    0 0.0000000     0    0.00000
 [5,]    4    5   21 0.2380952  -1610 -76.666667    4    1    3 0.3333333  -430 -143.33333
 [6,]    5   36  108 0.3333333   5710  52.870370    5    6   21 0.2857143 -1650  -78.57143
 [7,]    6   60  289 0.2076125 -23710 -82.041522    6   11   52 0.2115385 -4870  -93.65385
 [8,]    7  110  432 0.2546296    850   1.967593    7   19   78 0.2435897 -1910  -24.48718
 [9,]    8   90  386 0.2331606  -9530 -24.689119    8   11   61 0.1803279 -8920 -146.22951
[10,]    9   42  249 0.1686747 -10850 -43.574297    9    8   49 0.1632653 -6040 -123.26531
[11,]   10   26  118 0.2203390  -1580 -13.389831   10    4   30 0.1333333 -3870 -129.00000
[12,]   11    8   39 0.2051282  12430 318.717949   11    2    6 0.3333333  1430  238.33333
[13,]   12    3   10 0.3000000   1060 106.000000   12    0    1 0.0000000  -300 -300.00000
[14,]   13    0    0 0.0000000      0   0.000000   13    0    0 0.0000000     0    0.00000
[15,]   14    0    0 0.0000000      0   0.000000   14    0    0 0.0000000     0    0.00000
[16,]   15    0    0 0.0000000      0   0.000000   15    0    0 0.0000000     0    0.00000
[17,]   16    0    0 0.0000000      0   0.000000   16    0    0 0.0000000     0    0.00000
[18,]   17    0    0 0.0000000      0   0.000000   17    0    0 0.0000000     0    0.00000
[19,]   18    0    0 0.0000000      0   0.000000   18    0    0 0.0000000     0    0.00000
[20,]   19    0    0 0.0000000      0   0.000000   19    0    0 0.0000000     0    0.00000
[21,]   20    0    0 0.0000000      0   0.000000   20    0    0 0.0000000     0    0.00000
[22,]   21    0    0 0.0000000      0   0.000000   21    0    0 0.0000000     0    0.00000
[23,]   22    0    0 0.0000000      0   0.000000   22    0    0 0.0000000     0    0.00000
[24,]   23    0    0 0.0000000      0   0.000000   23    0    0 0.0000000     0    0.00000
[25,]   24    0    0 0.0000000      0   0.000000   24    0    0 0.0000000     0    0.00000
[26,]   25    0    0 0.0000000      0   0.000000   25    0    0 0.0000000     0    0.00000
[27,]   26    0    0 0.0000000      0   0.000000   26    0    0 0.0000000     0    0.00000
[28,]   27    0    0 0.0000000      0   0.000000   27    0    0 0.0000000     0    0.00000
[29,]   28    0    0 0.0000000      0   0.000000   28    0    0 0.0000000     0    0.00000
[30,]   29    0    0 0.0000000      0   0.000000   29    0    0 0.0000000     0    0.00000
[1] -27230
[1] -26560
[1] 380
[1] 62
[1] "<-----------馬複人気順7番   開始範囲:終了範囲=0:40   倍率=2倍"
      [,1] [,2] [,3]      [,4]   [,5]       [,6] [,7] [,8] [,9]     [,10] [,11]      [,12]
 [1,]    0    0    0 0.0000000      0   0.000000    0    0    0 0.0000000     0    0.00000
 [2,]    1    0    0 0.0000000      0   0.000000    1    0    0 0.0000000     0    0.00000
 [3,]    2    0    0 0.0000000      0   0.000000    2    0    0 0.0000000     0    0.00000
 [4,]    3    0    0 0.0000000      0   0.000000    3    0    0 0.0000000     0    0.00000
 [5,]    4    0    0 0.0000000      0   0.000000    4    0    0 0.0000000     0    0.00000
 [6,]    5    9   27 0.3333333   -230  -8.518519    5    2    5 0.4000000  -310  -62.00000
 [7,]    6   31   95 0.3263158   1580  16.631579    6    4   14 0.2857143 -1570 -112.14286
 [8,]    7   58  227 0.2555066   2990  13.171806    7   13   50 0.2600000  -820  -16.40000
 [9,]    8   98  387 0.2532300  -6510 -16.821705    8   14   67 0.2089552 -5930  -88.50746
[10,]    9   81  399 0.2030075 -20820 -52.180451    9   14   75 0.1866667 -8990 -119.86667
[11,]   10   56  256 0.2187500  -5180 -20.234375   10    8   43 0.1860465 -3990  -92.79070
[12,]   11   25  156 0.1602564  -4620 -29.615385   11    4   35 0.1142857 -4820 -137.71429
[13,]   12   11   67 0.1641791    580   8.656716   12    1    8 0.1250000 -1380 -172.50000
[14,]   13   11   38 0.2894737   4980 131.052632   13    2    4 0.5000000  1250  312.50000
[15,]   14    0    0 0.0000000      0   0.000000   14    0    0 0.0000000     0    0.00000
[16,]   15    0    0 0.0000000      0   0.000000   15    0    0 0.0000000     0    0.00000
[17,]   16    0    0 0.0000000      0   0.000000   16    0    0 0.0000000     0    0.00000
[18,]   17    0    0 0.0000000      0   0.000000   17    0    0 0.0000000     0    0.00000
[19,]   18    0    0 0.0000000      0   0.000000   18    0    0 0.0000000     0    0.00000
[20,]   19    0    0 0.0000000      0   0.000000   19    0    0 0.0000000     0    0.00000
[21,]   20    0    0 0.0000000      0   0.000000   20    0    0 0.0000000     0    0.00000
[22,]   21    0    0 0.0000000      0   0.000000   21    0    0 0.0000000     0    0.00000
[23,]   22    0    0 0.0000000      0   0.000000   22    0    0 0.0000000     0    0.00000
[24,]   23    0    0 0.0000000      0   0.000000   23    0    0 0.0000000     0    0.00000
[25,]   24    0    0 0.0000000      0   0.000000   24    0    0 0.0000000     0    0.00000
[26,]   25    0    0 0.0000000      0   0.000000   25    0    0 0.0000000     0    0.00000
[27,]   26    0    0 0.0000000      0   0.000000   26    0    0 0.0000000     0    0.00000
[28,]   27    0    0 0.0000000      0   0.000000   27    0    0 0.0000000     0    0.00000
[29,]   28    0    0 0.0000000      0   0.000000   28    0    0 0.0000000     0    0.00000
[30,]   29    0    0 0.0000000      0   0.000000   29    0    0 0.0000000     0    0.00000
[31,]   30    0    0 0.0000000      0   0.000000   30    0    0 0.0000000     0    0.00000
[32,]   31    0    0 0.0000000      0   0.000000   31    0    0 0.0000000     0    0.00000
[33,]   32    0    0 0.0000000      0   0.000000   32    0    0 0.0000000     0    0.00000
[34,]   33    0    0 0.0000000      0   0.000000   33    0    0 0.0000000     0    0.00000
[35,]   34    0    0 0.0000000      0   0.000000   34    0    0 0.0000000     0    0.00000
[36,]   35    0    0 0.0000000      0   0.000000   35    0    0 0.0000000     0    0.00000
[37,]   36    0    0 0.0000000      0   0.000000   36    0    0 0.0000000     0    0.00000
[38,]   37    0    0 0.0000000      0   0.000000   37    0    0 0.0000000     0    0.00000
[39,]   38    0    0 0.0000000      0   0.000000   38    0    0 0.0000000     0    0.00000
[40,]   39    0    0 0.0000000      0   0.000000   39    0    0 0.0000000     0    0.00000
[1] -27230
[1] -26560
[1] 380
[1] 62
[1] "<-----------馬複人気順8番   開始範囲:終了範囲=0:40   倍率=2倍"
      [,1] [,2] [,3]      [,4]   [,5]        [,6] [,7] [,8] [,9]     [,10] [,11]      [,12]
 [1,]    0    0    0 0.0000000      0    0.000000    0    0    0 0.0000000     0    0.00000
 [2,]    1    0    0 0.0000000      0    0.000000    1    0    0 0.0000000     0    0.00000
 [3,]    2    0    0 0.0000000      0    0.000000    2    0    0 0.0000000     0    0.00000
 [4,]    3    0    0 0.0000000      0    0.000000    3    0    0 0.0000000     0    0.00000
 [5,]    4    0    0 0.0000000      0    0.000000    4    0    0 0.0000000     0    0.00000
 [6,]    5    3    7 0.4285714   1910  272.857143    5    1    2 0.5000000   110   55.00000
 [7,]    6   10   28 0.3571429  -1730  -61.785714    6    1    4 0.2500000  -710 -177.50000
 [8,]    7   29   82 0.3536585   5780   70.487805    7    8   17 0.4705882  1370   80.58824
 [9,]    8   53  182 0.2912088   8170   44.890110    8    7   36 0.1944444 -3240  -90.00000
[10,]    9   67  313 0.2140575 -24400  -77.955272    9   10   56 0.1785714 -6970 -124.46429
[11,]   10   81  343 0.2361516  -8710  -25.393586   10   13   61 0.2131148 -5940  -97.37705
[12,]   11   54  311 0.1736334 -28320  -91.061093   11    8   57 0.1403509 -8460 -148.42105
[13,]   12   38  189 0.2010582   -910   -4.814815   12    8   42 0.1904762 -1880  -44.76190
[14,]   13   22  103 0.2135922   9010   87.475728   13    3   13 0.2307692 -1150  -88.46154
[15,]   14   15   51 0.2941176  11350  222.549020   14    2    9 0.2222222  -410  -45.55556
[16,]   15    4   21 0.1904762   -880  -41.904762   15    0    1 0.0000000  -300 -300.00000
[17,]   16    4   13 0.3076923   4200  323.076923   16    1    3 0.3333333  1020  340.00000
[18,]   17    0    3 0.0000000   -900 -300.000000   17    0    0 0.0000000     0    0.00000
[19,]   18    0    3 0.0000000   -900 -300.000000   18    0    0 0.0000000     0    0.00000
[20,]   19    0    2 0.0000000   -600 -300.000000   19    0    0 0.0000000     0    0.00000
[21,]   20    0    1 0.0000000   -300 -300.000000   20    0    0 0.0000000     0    0.00000
[22,]   21    0    0 0.0000000      0    0.000000   21    0    0 0.0000000     0    0.00000
[23,]   22    0    0 0.0000000      0    0.000000   22    0    0 0.0000000     0    0.00000
[24,]   23    0    0 0.0000000      0    0.000000   23    0    0 0.0000000     0    0.00000
[25,]   24    0    0 0.0000000      0    0.000000   24    0    0 0.0000000     0    0.00000
[26,]   25    0    0 0.0000000      0    0.000000   25    0    0 0.0000000     0    0.00000
[27,]   26    0    0 0.0000000      0    0.000000   26    0    0 0.0000000     0    0.00000
[28,]   27    0    0 0.0000000      0    0.000000   27    0    0 0.0000000     0    0.00000
[29,]   28    0    0 0.0000000      0    0.000000   28    0    0 0.0000000     0    0.00000
[30,]   29    0    0 0.0000000      0    0.000000   29    0    0 0.0000000     0    0.00000
[31,]   30    0    0 0.0000000      0    0.000000   30    0    0 0.0000000     0    0.00000
[32,]   31    0    0 0.0000000      0    0.000000   31    0    0 0.0000000     0    0.00000
[33,]   32    0    0 0.0000000      0    0.000000   32    0    0 0.0000000     0    0.00000
[34,]   33    0    0 0.0000000      0    0.000000   33    0    0 0.0000000     0    0.00000
[35,]   34    0    0 0.0000000      0    0.000000   34    0    0 0.0000000     0    0.00000
[36,]   35    0    0 0.0000000      0    0.000000   35    0    0 0.0000000     0    0.00000
[37,]   36    0    0 0.0000000      0    0.000000   36    0    0 0.0000000     0    0.00000
[38,]   37    0    0 0.0000000      0    0.000000   37    0    0 0.0000000     0    0.00000
[39,]   38    0    0 0.0000000      0    0.000000   38    0    0 0.0000000     0    0.00000
[40,]   39    0    0 0.0000000      0    0.000000   39    0    0 0.0000000     0    0.00000
[1] -27230
[1] -26560
[1] 380
[1] 62
[1] "<-----------馬複人気順9番   開始範囲:終了範囲=0:35   倍率=4倍"
      [,1] [,2] [,3]      [,4]   [,5]        [,6] [,7] [,8] [,9]     [,10] [,11]       [,12]
 [1,]    0    0    0 0.0000000      0    0.000000    0    0    0 0.0000000     0    0.000000
 [2,]    1    0    0 0.0000000      0    0.000000    1    0    0 0.0000000     0    0.000000
 [3,]    2    0    2 0.0000000   -600 -300.000000    2    0    0 0.0000000     0    0.000000
 [4,]    3   11   34 0.3235294  -1650  -48.529412    3    3    7 0.4285714   -20   -2.857143
 [5,]    4   75  259 0.2895753    620    2.393822    4   11   48 0.2291667 -4220  -87.916667
 [6,]    5  120  554 0.2166065 -38510  -69.512635    5   21   96 0.2187500 -8540  -88.958333
 [7,]    6  106  480 0.2208333  -7650  -15.937500    6   19   93 0.2043011 -5520  -59.354839
 [8,]    7   46  230 0.2000000  10390   45.173913    7    5   46 0.1086957 -8530 -185.434783
 [9,]    8   15   66 0.2272727   6680  101.212121    8    2    7 0.2857143   350   50.000000
[10,]    9    3   15 0.2000000    500   33.333333    9    0    2 0.0000000  -600 -300.000000
[11,]   10    3   10 0.3000000   1350  135.000000   10    1    2 0.5000000   520  260.000000
[12,]   11    0    1 0.0000000   -300 -300.000000   11    0    0 0.0000000     0    0.000000
[13,]   12    0    0 0.0000000      0    0.000000   12    0    0 0.0000000     0    0.000000
[14,]   13    1    1 1.0000000   1940 1940.000000   13    0    0 0.0000000     0    0.000000
[15,]   14    0    0 0.0000000      0    0.000000   14    0    0 0.0000000     0    0.000000
[16,]   15    0    0 0.0000000      0    0.000000   15    0    0 0.0000000     0    0.000000
[17,]   16    0    0 0.0000000      0    0.000000   16    0    0 0.0000000     0    0.000000
[18,]   17    0    0 0.0000000      0    0.000000   17    0    0 0.0000000     0    0.000000
[19,]   18    0    0 0.0000000      0    0.000000   18    0    0 0.0000000     0    0.000000
[20,]   19    0    0 0.0000000      0    0.000000   19    0    0 0.0000000     0    0.000000
[21,]   20    0    0 0.0000000      0    0.000000   20    0    0 0.0000000     0    0.000000
[22,]   21    0    0 0.0000000      0    0.000000   21    0    0 0.0000000     0    0.000000
[23,]   22    0    0 0.0000000      0    0.000000   22    0    0 0.0000000     0    0.000000
[24,]   23    0    0 0.0000000      0    0.000000   23    0    0 0.0000000     0    0.000000
[25,]   24    0    0 0.0000000      0    0.000000   24    0    0 0.0000000     0    0.000000
[26,]   25    0    0 0.0000000      0    0.000000   25    0    0 0.0000000     0    0.000000
[27,]   26    0    0 0.0000000      0    0.000000   26    0    0 0.0000000     0    0.000000
[28,]   27    0    0 0.0000000      0    0.000000   27    0    0 0.0000000     0    0.000000
[29,]   28    0    0 0.0000000      0    0.000000   28    0    0 0.0000000     0    0.000000
[30,]   29    0    0 0.0000000      0    0.000000   29    0    0 0.0000000     0    0.000000
[31,]   30    0    0 0.0000000      0    0.000000   30    0    0 0.0000000     0    0.000000
[32,]   31    0    0 0.0000000      0    0.000000   31    0    0 0.0000000     0    0.000000
[33,]   32    0    0 0.0000000      0    0.000000   32    0    0 0.0000000     0    0.000000
[34,]   33    0    0 0.0000000      0    0.000000   33    0    0 0.0000000     0    0.000000
[35,]   34    0    0 0.0000000      0    0.000000   34    0    0 0.0000000     0    0.000000
[1] -27230
[1] -26560
[1] 380
[1] 62
[1] "<-----------馬複人気順10番   開始範囲:終了範囲=0:30   倍率=4倍"
      [,1] [,2] [,3]      [,4]   [,5]        [,6] [,7] [,8] [,9]     [,10] [,11]      [,12]
 [1,]    0    0    0 0.0000000      0    0.000000    0    0    0 0.0000000     0    0.00000
 [2,]    1    0    0 0.0000000      0    0.000000    1    0    0 0.0000000     0    0.00000
 [3,]    2    0    1 0.0000000   -300 -300.000000    2    0    0 0.0000000     0    0.00000
 [4,]    3    4   13 0.3076923  -1790 -137.692308    3    2    4 0.5000000     0    0.00000
 [5,]    4   36  105 0.3428571   1010    9.619048    4    5   16 0.3125000  -290  -18.12500
 [6,]    5   86  344 0.2500000 -13660  -39.709302    5   15   63 0.2380952 -4360  -69.20635
 [7,]    6  111  525 0.2114286 -30300  -57.714286    6   22  105 0.2095238 -6950  -66.19048
 [8,]    7   86  381 0.2257218   9390   24.645669    7   11   65 0.1692308 -8440 -129.84615
 [9,]    8   36  176 0.2045455   5510   31.306818    8    4   31 0.1290323 -5550 -179.03226
[10,]    9   12   61 0.1967213   1070   17.540984    9    2   10 0.2000000    10    1.00000
[11,]   10    3   26 0.1153846  -3570 -137.307692   10    0    5 0.0000000 -1500 -300.00000
[12,]   11    3   15 0.2000000    520   34.666667   11    1    2 0.5000000   520  260.00000
[13,]   12    0    1 0.0000000   -300 -300.000000   12    0    0 0.0000000     0    0.00000
[14,]   13    1    2 0.5000000    210  105.000000   13    0    0 0.0000000     0    0.00000
[15,]   14    1    1 1.0000000   1940 1940.000000   14    0    0 0.0000000     0    0.00000
[16,]   15    0    0 0.0000000      0    0.000000   15    0    0 0.0000000     0    0.00000
[17,]   16    1    1 1.0000000   3040 3040.000000   16    0    0 0.0000000     0    0.00000
[18,]   17    0    0 0.0000000      0    0.000000   17    0    0 0.0000000     0    0.00000
[19,]   18    0    0 0.0000000      0    0.000000   18    0    0 0.0000000     0    0.00000
[20,]   19    0    0 0.0000000      0    0.000000   19    0    0 0.0000000     0    0.00000
[21,]   20    0    0 0.0000000      0    0.000000   20    0    0 0.0000000     0    0.00000
[22,]   21    0    0 0.0000000      0    0.000000   21    0    0 0.0000000     0    0.00000
[23,]   22    0    0 0.0000000      0    0.000000   22    0    0 0.0000000     0    0.00000
[24,]   23    0    0 0.0000000      0    0.000000   23    0    0 0.0000000     0    0.00000
[25,]   24    0    0 0.0000000      0    0.000000   24    0    0 0.0000000     0    0.00000
[26,]   25    0    0 0.0000000      0    0.000000   25    0    0 0.0000000     0    0.00000
[27,]   26    0    0 0.0000000      0    0.000000   26    0    0 0.0000000     0    0.00000
[28,]   27    0    0 0.0000000      0    0.000000   27    0    0 0.0000000     0    0.00000
[29,]   28    0    0 0.0000000      0    0.000000   28    0    0 0.0000000     0    0.00000
[30,]   29    0    0 0.0000000      0    0.000000   29    0    0 0.0000000     0    0.00000
[1] -27230
[1] -26560
[1] 380
[1] 62
[1] "<-----------馬複人気順11番   開始範囲:終了範囲=0:30   倍率=4倍"
      [,1] [,2] [,3]      [,4]   [,5]         [,6] [,7] [,8] [,9]      [,10] [,11]       [,12]
 [1,]    0    0    0 0.0000000      0    0.0000000    0    0    0 0.00000000     0    0.000000
 [2,]    1    0    0 0.0000000      0    0.0000000    1    0    0 0.00000000     0    0.000000
 [3,]    2    0    0 0.0000000      0    0.0000000    2    0    0 0.00000000     0    0.000000
 [4,]    3    1    1 1.0000000    190  190.0000000    3    1    1 1.00000000   190  190.000000
 [5,]    4   11   24 0.4583333   2190   91.2500000    4    0    2 0.00000000  -600 -300.000000
 [6,]    5   49  175 0.2800000  -4160  -23.7714286    5   11   35 0.31428571  -290   -8.285714
 [7,]    6   85  390 0.2179487 -24550  -62.9487179    6   13   77 0.16883117 -8730 -113.376623
 [8,]    7   98  429 0.2284382  -7140  -16.6433566    7   17   80 0.21250000 -6090  -76.125000
 [9,]    8   73  332 0.2198795   4070   12.2590361    8   12   63 0.19047619 -7190 -114.126984
[10,]    9   33  150 0.2200000   -110   -0.7333333    9    4   21 0.19047619 -1800  -85.714286
[11,]   10   11   65 0.1692308     70    1.0769231   10    1   12 0.08333333 -2560 -213.333333
[12,]   11    3   29 0.1034483  -5610 -193.4482759   11    0    2 0.00000000  -600 -300.000000
[13,]   12    6   32 0.1875000  -3400 -106.2500000   12    3    6 0.50000000  1710  285.000000
[14,]   13    2    8 0.2500000   2170  271.2500000   13    0    1 0.00000000  -300 -300.000000
[15,]   14    4    8 0.5000000   6260  782.5000000   14    0    0 0.00000000     0    0.000000
[16,]   15    1    4 0.2500000   -390  -97.5000000   15    0    0 0.00000000     0    0.000000
[17,]   16    0    0 0.0000000      0    0.0000000   16    0    0 0.00000000     0    0.000000
[18,]   17    0    0 0.0000000      0    0.0000000   17    0    0 0.00000000     0    0.000000
[19,]   18    1    1 1.0000000   3040 3040.0000000   18    0    0 0.00000000     0    0.000000
[20,]   19    0    0 0.0000000      0    0.0000000   19    0    0 0.00000000     0    0.000000
[21,]   20    0    1 0.0000000   -300 -300.0000000   20    0    0 0.00000000     0    0.000000
[22,]   21    0    0 0.0000000      0    0.0000000   21    0    0 0.00000000     0    0.000000
[23,]   22    1    1 1.0000000    270  270.0000000   22    0    0 0.00000000     0    0.000000
[24,]   23    0    0 0.0000000      0    0.0000000   23    0    0 0.00000000     0    0.000000
[25,]   24    0    0 0.0000000      0    0.0000000   24    0    0 0.00000000     0    0.000000
[26,]   25    1    2 0.5000000    170   85.0000000   25    0    1 0.00000000  -300 -300.000000
[27,]   26    0    0 0.0000000      0    0.0000000   26    0    0 0.00000000     0    0.000000
[28,]   27    0    0 0.0000000      0    0.0000000   27    0    0 0.00000000     0    0.000000
[29,]   28    0    0 0.0000000      0    0.0000000   28    0    0 0.00000000     0    0.000000
[30,]   29    0    0 0.0000000      0    0.0000000   29    0    0 0.00000000     0    0.000000
[1] -27230
[1] -26560
[1] 380
[1] 62
[1] "<-----------馬複人気順12番   開始範囲:終了範囲=0:25   倍率=8倍"
      [,1] [,2] [,3]      [,4]   [,5]        [,6] [,7] [,8] [,9]     [,10]  [,11]      [,12]
 [1,]    0    0    0 0.0000000      0    0.000000    0    0    0 0.0000000      0    0.00000
 [2,]    1    0    0 0.0000000      0    0.000000    1    0    0 0.0000000      0    0.00000
 [3,]    2   25   73 0.3424658  -1390  -19.041096    2    5   11 0.4545455   1450  131.81818
 [4,]    3  152  617 0.2463533 -20440  -33.128039    3   26  124 0.2096774  -9400  -75.80645
 [5,]    4  128  615 0.2081301 -15310  -24.894309    4   22  117 0.1880342 -15310 -130.85470
 [6,]    5   49  237 0.2067511   -650   -2.742616    5    6   33 0.1818182  -2010  -60.90909
 [7,]    6   10   62 0.1612903  -1590  -25.645161    6    2   12 0.1666667   -560  -46.66667
 [8,]    7    7   25 0.2800000   4810  192.400000    7    0    0 0.0000000      0    0.00000
 [9,]    8    4   12 0.3333333   4640  386.666667    8    0    1 0.0000000   -300 -300.00000
[10,]    9    1    2 0.5000000    250  125.000000    9    0    0 0.0000000      0    0.00000
[11,]   10    0    3 0.0000000   -900 -300.000000   10    0    1 0.0000000   -300 -300.00000
[12,]   11    3    3 1.0000000   3480 1160.000000   11    1    1 1.0000000    170  170.00000
[13,]   12    0    1 0.0000000   -300 -300.000000   12    0    1 0.0000000   -300 -300.00000
[14,]   13    1    2 0.5000000    170   85.000000   13    0    0 0.0000000      0    0.00000
[15,]   14    0    0 0.0000000      0    0.000000   14    0    0 0.0000000      0    0.00000
[16,]   15    0    0 0.0000000      0    0.000000   15    0    0 0.0000000      0    0.00000
[17,]   16    0    0 0.0000000      0    0.000000   16    0    0 0.0000000      0    0.00000
[18,]   17    0    0 0.0000000      0    0.000000   17    0    0 0.0000000      0    0.00000
[19,]   18    0    0 0.0000000      0    0.000000   18    0    0 0.0000000      0    0.00000
[20,]   19    0    0 0.0000000      0    0.000000   19    0    0 0.0000000      0    0.00000
[21,]   20    0    0 0.0000000      0    0.000000   20    0    0 0.0000000      0    0.00000
[22,]   21    0    0 0.0000000      0    0.000000   21    0    0 0.0000000      0    0.00000
[23,]   22    0    0 0.0000000      0    0.000000   22    0    0 0.0000000      0    0.00000
[24,]   23    0    0 0.0000000      0    0.000000   23    0    0 0.0000000      0    0.00000
[25,]   24    0    0 0.0000000      0    0.000000   24    0    0 0.0000000      0    0.00000
[1] -27230
[1] -26560
[1] 380
[1] 62
[1] "<-----------馬複人気順13番   開始範囲:終了範囲=0:30   倍率=8倍"
      [,1] [,2] [,3]       [,4]   [,5]       [,6] [,7] [,8] [,9]     [,10]  [,11]      [,12]
 [1,]    0    0    0 0.00000000      0    0.00000    0    0    0 0.0000000      0    0.00000
 [2,]    1    0    0 0.00000000      0    0.00000    1    0    0 0.0000000      0    0.00000
 [3,]    2    8   20 0.40000000   -170   -8.50000    2    1    3 0.3333333   -410 -136.66667
 [4,]    3  106  404 0.26237624 -14050  -34.77723    3   22   82 0.2682927  -1730  -21.09756
 [5,]    4  144  621 0.23188406 -15250  -24.55717    4   22  111 0.1981982 -11280 -101.62162
 [6,]    5   66  368 0.17934783 -15730  -42.74457    5    9   71 0.1267606 -11930 -168.02817
 [7,]    6   29  127 0.22834646   9430   74.25197    6    4   15 0.2666667    -30   -2.00000
 [8,]    7   10   56 0.17857143  -1330  -23.75000    7    2   13 0.1538462  -1260  -96.92308
 [9,]    8    6   23 0.26086957   3390  147.39130    8    0    0 0.0000000      0    0.00000
[10,]    9    1   11 0.09090909  -2020 -183.63636    9    0    1 0.0000000   -300 -300.00000
[11,]   10    0    6 0.00000000  -1800 -300.00000   10    0    1 0.0000000   -300 -300.00000
[12,]   11    3    6 0.50000000   5080  846.66667   11    1    2 0.5000000   -130  -65.00000
[13,]   12    5    6 0.83333333   4240  706.66667   12    0    0 0.0000000      0    0.00000
[14,]   13    0    1 0.00000000   -300 -300.00000   13    0    1 0.0000000   -300 -300.00000
[15,]   14    2    3 0.66666667   1280  426.66667   14    1    1 1.0000000   1110 1110.00000
[16,]   15    0    0 0.00000000      0    0.00000   15    0    0 0.0000000      0    0.00000
[17,]   16    0    0 0.00000000      0    0.00000   16    0    0 0.0000000      0    0.00000
[18,]   17    0    0 0.00000000      0    0.00000   17    0    0 0.0000000      0    0.00000
[19,]   18    0    0 0.00000000      0    0.00000   18    0    0 0.0000000      0    0.00000
[20,]   19    0    0 0.00000000      0    0.00000   19    0    0 0.0000000      0    0.00000
[21,]   20    0    0 0.00000000      0    0.00000   20    0    0 0.0000000      0    0.00000
[22,]   21    0    0 0.00000000      0    0.00000   21    0    0 0.0000000      0    0.00000
[23,]   22    0    0 0.00000000      0    0.00000   22    0    0 0.0000000      0    0.00000
[24,]   23    0    0 0.00000000      0    0.00000   23    0    0 0.0000000      0    0.00000
[25,]   24    0    0 0.00000000      0    0.00000   24    0    0 0.0000000      0    0.00000
[26,]   25    0    0 0.00000000      0    0.00000   25    0    0 0.0000000      0    0.00000
[27,]   26    0    0 0.00000000      0    0.00000   26    0    0 0.0000000      0    0.00000
[28,]   27    0    0 0.00000000      0    0.00000   27    0    0 0.0000000      0    0.00000
[29,]   28    0    0 0.00000000      0    0.00000   28    0    0 0.0000000      0    0.00000
[30,]   29    0    0 0.00000000      0    0.00000   29    0    0 0.0000000      0    0.00000
[1] -27230
[1] -26560
[1] 380
[1] 62
[1] "<-----------馬複人気順14番   開始範囲:終了範囲=0:25   倍率=10倍"
      [,1] [,2] [,3]      [,4]   [,5]       [,6] [,7] [,8] [,9]     [,10]  [,11]      [,12]
 [1,]    0    0    0 0.0000000      0   0.000000    0    0    0 0.0000000      0    0.00000
 [2,]    1    0    0 0.0000000      0   0.000000    1    0    0 0.0000000      0    0.00000
 [3,]    2   36  140 0.2571429 -12830 -91.642857    2    8   24 0.3333333   -710  -29.58333
 [4,]    3  157  643 0.2441680 -23800 -37.013997    3   25  126 0.1984127 -10460  -83.01587
 [5,]    4  110  512 0.2148438  -3340  -6.523438    4   20   99 0.2020202  -9630  -97.27273
 [6,]    5   41  194 0.2113402  10260  52.886598    5    3   23 0.1304348  -2930 -127.39130
 [7,]    6   16   89 0.1797753  -8730 -98.089888    6    3   15 0.2000000  -1010  -67.33333
 [8,]    7    8   33 0.2424242   2280  69.090909    7    1    6 0.1666667  -1300 -216.66667
 [9,]    8    2   14 0.1428571   1930 137.857143    8    0    2 0.0000000   -600 -300.00000
[10,]    9    2   11 0.1818182   1840 167.272727    9    0    3 0.0000000   -900 -300.00000
[11,]   10    5   11 0.4545455   3630 330.000000   10    1    1 1.0000000    170  170.00000
[12,]   11    1    3 0.3333333    -50 -16.666667   11    0    1 0.0000000   -300 -300.00000
[13,]   12    2    2 1.0000000   1580 790.000000   12    1    1 1.0000000   1110 1110.00000
[14,]   13    0    0 0.0000000      0   0.000000   13    0    0 0.0000000      0    0.00000
[15,]   14    0    0 0.0000000      0   0.000000   14    0    0 0.0000000      0    0.00000
[16,]   15    0    0 0.0000000      0   0.000000   15    0    0 0.0000000      0    0.00000
[17,]   16    0    0 0.0000000      0   0.000000   16    0    0 0.0000000      0    0.00000
[18,]   17    0    0 0.0000000      0   0.000000   17    0    0 0.0000000      0    0.00000
[19,]   18    0    0 0.0000000      0   0.000000   18    0    0 0.0000000      0    0.00000
[20,]   19    0    0 0.0000000      0   0.000000   19    0    0 0.0000000      0    0.00000
[21,]   20    0    0 0.0000000      0   0.000000   20    0    0 0.0000000      0    0.00000
[22,]   21    0    0 0.0000000      0   0.000000   21    0    0 0.0000000      0    0.00000
[23,]   22    0    0 0.0000000      0   0.000000   22    0    0 0.0000000      0    0.00000
[24,]   23    0    0 0.0000000      0   0.000000   23    0    0 0.0000000      0    0.00000
[25,]   24    0    0 0.0000000      0   0.000000   24    0    0 0.0000000      0    0.00000
[1] -27230
[1] -26560
[1] 380
[1] 62
[1] "<-----------馬複人気順15番   開始範囲:終了範囲=0:35   倍率=10倍"
      [,1] [,2] [,3]      [,4]   [,5]       [,6] [,7] [,8] [,9]     [,10] [,11]      [,12]
 [1,]    0    0    0 0.0000000      0    0.00000    0    0    0 0.0000000     0    0.00000
 [2,]    1    0    0 0.0000000      0    0.00000    1    0    0 0.0000000     0    0.00000
 [3,]    2   22   65 0.3384615  -2860  -44.00000    2    4   10 0.4000000   870   87.00000
 [4,]    3  107  469 0.2281450 -32050  -68.33689    3   21   92 0.2282609 -6550  -71.19565
 [5,]    4  138  566 0.2438163   6460   11.41343    4   22  102 0.2156863 -8150  -79.90196
 [6,]    5   47  270 0.1740741 -22190  -82.18519    5    6   53 0.1132075 -8840 -166.79245
 [7,]    6   34  134 0.2537313   9360   69.85075    6    3   18 0.1666667 -1830 -101.66667
 [8,]    7   13   69 0.1884058   4220   61.15942    7    3   12 0.2500000 -1130  -94.16667
 [9,]    8    6   34 0.1764706   1830   53.82353    8    1    8 0.1250000 -1010 -126.25000
[10,]    9    3   19 0.1578947  -1620  -85.26316    9    0    2 0.0000000  -600 -300.00000
[11,]   10    2   12 0.1666667   2810  234.16667   10    0    1 0.0000000  -300 -300.00000
[12,]   11    2    7 0.2857143   1670  238.57143   11    0    1 0.0000000  -300 -300.00000
[13,]   12    3    3 1.0000000   3510 1170.00000   12    1    1 1.0000000   170  170.00000
[14,]   13    3    3 1.0000000   1930  643.33333   13    1    1 1.0000000  1110 1110.00000
[15,]   14    0    1 0.0000000   -300 -300.00000   14    0    0 0.0000000     0    0.00000
[16,]   15    0    0 0.0000000      0    0.00000   15    0    0 0.0000000     0    0.00000
[17,]   16    0    0 0.0000000      0    0.00000   16    0    0 0.0000000     0    0.00000
[18,]   17    0    0 0.0000000      0    0.00000   17    0    0 0.0000000     0    0.00000
[19,]   18    0    0 0.0000000      0    0.00000   18    0    0 0.0000000     0    0.00000
[20,]   19    0    0 0.0000000      0    0.00000   19    0    0 0.0000000     0    0.00000
[21,]   20    0    0 0.0000000      0    0.00000   20    0    0 0.0000000     0    0.00000
[22,]   21    0    0 0.0000000      0    0.00000   21    0    0 0.0000000     0    0.00000
[23,]   22    0    0 0.0000000      0    0.00000   22    0    0 0.0000000     0    0.00000
[24,]   23    0    0 0.0000000      0    0.00000   23    0    0 0.0000000     0    0.00000
[25,]   24    0    0 0.0000000      0    0.00000   24    0    0 0.0000000     0    0.00000
[26,]   25    0    0 0.0000000      0    0.00000   25    0    0 0.0000000     0    0.00000
[27,]   26    0    0 0.0000000      0    0.00000   26    0    0 0.0000000     0    0.00000
[28,]   27    0    0 0.0000000      0    0.00000   27    0    0 0.0000000     0    0.00000
[29,]   28    0    0 0.0000000      0    0.00000   28    0    0 0.0000000     0    0.00000
[30,]   29    0    0 0.0000000      0    0.00000   29    0    0 0.0000000     0    0.00000
[31,]   30    0    0 0.0000000      0    0.00000   30    0    0 0.0000000     0    0.00000
[32,]   31    0    0 0.0000000      0    0.00000   31    0    0 0.0000000     0    0.00000
[33,]   32    0    0 0.0000000      0    0.00000   32    0    0 0.0000000     0    0.00000
[34,]   33    0    0 0.0000000      0    0.00000   33    0    0 0.0000000     0    0.00000
[35,]   34    0    0 0.0000000      0    0.00000   34    0    0 0.0000000     0    0.00000
[1] -27230
[1] -26560
[1] 403
[1] 67
[1] "<-----------単勝人気順1番   開始範囲:終了範囲=0:30   倍率=0.2倍"
      [,1] [,2] [,3]      [,4]   [,5]        [,6] [,7] [,8] [,9]      [,10] [,11]       [,12]
 [1,]    0    0    0 0.0000000      0    0.000000    0    0    0 0.00000000     0    0.000000
 [2,]    1    0    0 0.0000000      0    0.000000    1    0    0 0.00000000     0    0.000000
 [3,]    2    0    0 0.0000000      0    0.000000    2    0    0 0.00000000     0    0.000000
 [4,]    3    0    0 0.0000000      0    0.000000    3    0    0 0.00000000     0    0.000000
 [5,]    4    0    0 0.0000000      0    0.000000    4    0    0 0.00000000     0    0.000000
 [6,]    5    0    0 0.0000000      0    0.000000    5    0    0 0.00000000     0    0.000000
 [7,]    6   25  120 0.2083333   5460   45.500000    6    4   23 0.17391304 -2180  -94.782609
 [8,]    7   17   80 0.2125000   3290   41.125000    7    1   13 0.07692308 -3230 -248.461538
 [9,]    8   32  183 0.1748634   -720   -3.934426    8    6   44 0.13636364 -6060 -137.727273
[10,]    9   36  180 0.2000000  -7350  -40.833333    9    2   31 0.06451613 -6830 -220.322581
[11,]   10   48  174 0.2758621  15810   90.862069   10   10   35 0.28571429   220    6.285714
[12,]   11   56  251 0.2231076 -11160  -44.462151   11    8   40 0.20000000 -2770  -69.250000
[13,]   12   37  140 0.2642857  -4650  -33.214286   12    7   17 0.41176471  1280   75.294118
[14,]   13   46  202 0.2277228 -14880  -73.663366   13    7   31 0.22580645 -2240  -72.258065
[15,]   14   22  104 0.2115385 -10040  -96.538462   14    7   23 0.30434783 -1400  -60.869565
[16,]   15   18   88 0.2045455  -9180 -104.318182   15    5   19 0.26315789  -130   -6.842105
[17,]   16   15   65 0.2307692  -5950  -91.538462   16    2   11 0.18181818 -1370 -124.545455
[18,]   17   13   43 0.3023256   -200   -4.651163   17    1    4 0.25000000     0    0.000000
[19,]   18   20   52 0.3846154   1390   26.730769   18    4    8 0.50000000  1690  211.250000
[20,]   19    3   11 0.2727273   -350  -31.818182   19    0    2 0.00000000  -600 -300.000000
[21,]   20    7   14 0.5000000     90    6.428571   20    1    3 0.33333333     0    0.000000
[22,]   21    3    8 0.3750000    580   72.500000   21    0    0 0.00000000     0    0.000000
[23,]   22    2    9 0.2222222  -1320 -146.666667   22    1    4 0.25000000  -330  -82.500000
[24,]   23    0    2 0.0000000   -600 -300.000000   23    0    0 0.00000000     0    0.000000
[25,]   24    0    4 0.0000000  -1200 -300.000000   24    0    1 0.00000000  -300 -300.000000
[26,]   25    0    2 0.0000000   -600 -300.000000   25    0    1 0.00000000  -300 -300.000000
[27,]   26    0    2 0.0000000   -600 -300.000000   26    0    2 0.00000000  -600 -300.000000
[28,]   27    0    0 0.0000000      0    0.000000   27    0    0 0.00000000     0    0.000000
[29,]   28    0    0 0.0000000      0    0.000000   28    0    0 0.00000000     0    0.000000
[30,]   29    0    0 0.0000000      0    0.000000   29    0    0 0.00000000     0    0.000000
[1] -42390
[1] -24870
[1] 378
[1] 62
[1] "<-----------単勝人気順2番   開始範囲:終了範囲=0:30   倍率=1倍"
      [,1] [,2] [,3]      [,4]   [,5]        [,6] [,7] [,8] [,9]     [,10] [,11]      [,12]
 [1,]    0    0    0 0.0000000      0    0.000000    0    0    0 0.0000000     0    0.00000
 [2,]    1    0    1 0.0000000   -300 -300.000000    1    0    0 0.0000000     0    0.00000
 [3,]    2   26  130 0.2000000  -5920  -45.538462    2    3   18 0.1666667 -1010  -56.11111
 [4,]    3  128  558 0.2293907   1950    3.494624    3   23  103 0.2233010 -6310  -61.26214
 [5,]    4  115  482 0.2385892 -16080  -33.360996    4   19   90 0.2111111 -8160  -90.66667
 [6,]    5   69  267 0.2584270   1160    4.344569    5   13   52 0.2500000 -3080  -59.23077
 [7,]    6   19  100 0.1900000  -7390  -73.900000    6    2   19 0.1052632 -3410 -179.47368
 [8,]    7    7   36 0.1944444  -2190  -60.833333    7    0    6 0.0000000 -1800 -300.00000
 [9,]    8    6   32 0.1875000  -2330  -72.812500    8    0    3 0.0000000  -900 -300.00000
[10,]    9    3    8 0.3750000   1130  141.250000    9    0    1 0.0000000  -300 -300.00000
[11,]   10    0    0 0.0000000      0    0.000000   10    0    0 0.0000000     0    0.00000
[12,]   11    0    3 0.0000000   -900 -300.000000   11    0    0 0.0000000     0    0.00000
[13,]   12    0    1 0.0000000   -300 -300.000000   12    0    0 0.0000000     0    0.00000
[14,]   13    0    2 0.0000000   -600 -300.000000   13    0    0 0.0000000     0    0.00000
[15,]   14    0    1 0.0000000   -300 -300.000000   14    0    0 0.0000000     0    0.00000
[16,]   15    0    2 0.0000000   -600 -300.000000   15    0    0 0.0000000     0    0.00000
[17,]   16    0    0 0.0000000      0    0.000000   16    0    0 0.0000000     0    0.00000
[18,]   17    0    0 0.0000000      0    0.000000   17    0    0 0.0000000     0    0.00000
[19,]   18    0    3 0.0000000   -900 -300.000000   18    0    1 0.0000000  -300 -300.00000
[20,]   19    0    0 0.0000000      0    0.000000   19    0    0 0.0000000     0    0.00000
[21,]   20    0    1 0.0000000   -300 -300.000000   20    0    0 0.0000000     0    0.00000
[22,]   21    0    0 0.0000000      0    0.000000   21    0    0 0.0000000     0    0.00000
[23,]   22    0    0 0.0000000      0    0.000000   22    0    0 0.0000000     0    0.00000
[24,]   23    0    1 0.0000000   -300 -300.000000   23    0    0 0.0000000     0    0.00000
[25,]   24    0    0 0.0000000      0    0.000000   24    0    0 0.0000000     0    0.00000
[26,]   25    0    2 0.0000000   -600 -300.000000   25    0    0 0.0000000     0    0.00000
[27,]   26    0    0 0.0000000      0    0.000000   26    0    0 0.0000000     0    0.00000
[28,]   27    0    0 0.0000000      0    0.000000   27    0    0 0.0000000     0    0.00000
[29,]   28    0    0 0.0000000      0    0.000000   28    0    0 0.0000000     0    0.00000
[30,]   29    0    0 0.0000000      0    0.000000   29    0    0 0.0000000     0    0.00000
[1] -30580
[1] -25960
[1] 378
[1] 62
[1] "<-----------単勝人気順3番   開始範囲:終了範囲=0:35   倍率=1倍"
      [,1] [,2] [,3]      [,4]   [,5]       [,6] [,7] [,8] [,9]     [,10] [,11]      [,12]
 [1,]    0    0    0 0.0000000      0    0.00000    0    0    0 0.0000000     0    0.00000
 [2,]    1    1    1 1.0000000    270  270.00000    1    0    0 0.0000000     0    0.00000
 [3,]    2    0    1 0.0000000   -300 -300.00000    2    0    0 0.0000000     0    0.00000
 [4,]    3   11   65 0.1692308  -3630  -55.84615    3    3   13 0.2307692  -150  -11.53846
 [5,]    4   77  283 0.2720848  -4850  -17.13781    4   16   51 0.3137255 -1830  -35.88235
 [6,]    5   99  383 0.2584856  -7460  -19.47781    5   17   73 0.2328767 -3290  -45.06849
 [7,]    6   73  369 0.1978320 -12090  -32.76423    6   14   66 0.2121212 -5320  -80.60606
 [8,]    7   54  226 0.2389381    450    1.99115    7    3   40 0.0750000 -7980 -199.50000
 [9,]    8   22  117 0.1880342  -5590  -47.77778    8    6   28 0.2142857 -1060  -37.85714
[10,]    9   13   70 0.1857143  -1880  -26.85714    9    1   10 0.1000000 -2040 -204.00000
[11,]   10   11   46 0.2391304   2210   48.04348   10    0    7 0.0000000 -2100 -300.00000
[12,]   11    6   25 0.2400000   4610  184.40000   11    0    3 0.0000000  -900 -300.00000
[13,]   12    2   16 0.1250000   -730  -45.62500   12    0    1 0.0000000  -300 -300.00000
[14,]   13    1    8 0.1250000  -1180 -147.50000   13    0    2 0.0000000  -600 -300.00000
[15,]   14    1    6 0.1666667    950  158.33333   14    0    0 0.0000000     0    0.00000
[16,]   15    0    1 0.0000000   -300 -300.00000   15    0    0 0.0000000     0    0.00000
[17,]   16    1    1 1.0000000    920  920.00000   16    0    0 0.0000000     0    0.00000
[18,]   17    1    1 1.0000000   1060 1060.00000   17    0    0 0.0000000     0    0.00000
[19,]   18    0    0 0.0000000      0    0.00000   18    0    0 0.0000000     0    0.00000
[20,]   19    0    0 0.0000000      0    0.00000   19    0    0 0.0000000     0    0.00000
[21,]   20    0    1 0.0000000   -300 -300.00000   20    0    0 0.0000000     0    0.00000
[22,]   21    0    0 0.0000000      0    0.00000   21    0    0 0.0000000     0    0.00000
[23,]   22    0    0 0.0000000      0    0.00000   22    0    0 0.0000000     0    0.00000
[24,]   23    0    1 0.0000000   -300 -300.00000   23    0    0 0.0000000     0    0.00000
[25,]   24    0    0 0.0000000      0    0.00000   24    0    0 0.0000000     0    0.00000
[26,]   25    0    0 0.0000000      0    0.00000   25    0    0 0.0000000     0    0.00000
[27,]   26    0    0 0.0000000      0    0.00000   26    0    0 0.0000000     0    0.00000
[28,]   27    0    1 0.0000000   -300 -300.00000   27    0    0 0.0000000     0    0.00000
[29,]   28    0    0 0.0000000      0    0.00000   28    0    0 0.0000000     0    0.00000
[30,]   29    0    0 0.0000000      0    0.00000   29    0    0 0.0000000     0    0.00000
[31,]   30    0    0 0.0000000      0    0.00000   30    0    0 0.0000000     0    0.00000
[32,]   31    1    2 0.5000000   1800  900.00000   31    0    0 0.0000000     0    0.00000
[33,]   32    0    0 0.0000000      0    0.00000   32    0    0 0.0000000     0    0.00000
[34,]   33    0    0 0.0000000      0    0.00000   33    0    0 0.0000000     0    0.00000
[35,]   34    0    0 0.0000000      0    0.00000   34    0    0 0.0000000     0    0.00000
[1] -29460
[1] -25660
[1] 380
[1] 62
[1] "<-----------単勝人気順4番   開始範囲:終了範囲=0:25   倍率=2倍"
      [,1] [,2] [,3]      [,4]   [,5]        [,6] [,7] [,8] [,9]     [,10]  [,11]      [,12]
 [1,]    0    0    0 0.0000000      0    0.000000    0    0    0 0.0000000      0    0.00000
 [2,]    1    2    3 0.6666667   -270  -90.000000    1    0    0 0.0000000      0    0.00000
 [3,]    2   47  146 0.3219178  -1230   -8.424658    2   10   24 0.4166667   1760   73.33333
 [4,]    3  123  520 0.2365385 -29020  -55.807692    3   24  112 0.2142857 -12250 -109.37500
 [5,]    4   78  409 0.1907090 -32220  -78.777506    4    9   67 0.1343284  -9790 -146.11940
 [6,]    5   60  252 0.2380952   3660   14.523810    5   10   38 0.2631579    690   18.15789
 [7,]    6   33  139 0.2374101   8120   58.417266    6    6   27 0.2222222  -1130  -41.85185
 [8,]    7   16   85 0.1882353   7430   87.411765    7    2   15 0.1333333  -1460  -97.33333
 [9,]    8    8   38 0.2105263   1250   32.894737    8    1    7 0.1428571  -1080 -154.28571
[10,]    9    4   24 0.1666667   4680  195.000000    9    0    4 0.0000000  -1200 -300.00000
[11,]   10    2    8 0.2500000   2520  315.000000   10    0    2 0.0000000   -600 -300.00000
[12,]   11    0    1 0.0000000   -300 -300.000000   11    0    0 0.0000000      0    0.00000
[13,]   12    1    4 0.2500000    410  102.500000   12    0    2 0.0000000   -600 -300.00000
[14,]   13    1    3 0.3333333   1750  583.333333   13    0    0 0.0000000      0    0.00000
[15,]   14    1    1 1.0000000   3040 3040.000000   14    0    0 0.0000000      0    0.00000
[16,]   15    0    1 0.0000000   -300 -300.000000   15    0    0 0.0000000      0    0.00000
[17,]   16    1    2 0.5000000    290  145.000000   16    0    0 0.0000000      0    0.00000
[18,]   17    0    0 0.0000000      0    0.000000   17    0    0 0.0000000      0    0.00000
[19,]   18    0    1 0.0000000   -300 -300.000000   18    0    0 0.0000000      0    0.00000
[20,]   19    0    1 0.0000000   -300 -300.000000   19    0    0 0.0000000      0    0.00000
[21,]   20    0    4 0.0000000  -1200 -300.000000   20    0    0 0.0000000      0    0.00000
[22,]   21    0    0 0.0000000      0    0.000000   21    0    0 0.0000000      0    0.00000
[23,]   22    0    0 0.0000000      0    0.000000   22    0    0 0.0000000      0    0.00000
[24,]   23    0    0 0.0000000      0    0.000000   23    0    0 0.0000000      0    0.00000
[25,]   24    0    0 0.0000000      0    0.000000   24    0    0 0.0000000      0    0.00000
[1] -26930
[1] -26560
[1] 380
[1] 62
[1] "<-----------単勝人気順5番   開始範囲:終了範囲=0:40   倍率=3倍"
      [,1] [,2] [,3]      [,4]   [,5]        [,6] [,7] [,8] [,9]     [,10]  [,11]      [,12]
 [1,]    0    0    1 0.0000000   -300 -300.000000    0    0    0 0.0000000      0    0.00000
 [2,]    1    3    9 0.3333333   -350  -38.888889    1    0    1 0.0000000   -300 -300.00000
 [3,]    2   90  277 0.3249097    470    1.696751    2   15   50 0.3000000  -1360  -27.20000
 [4,]    3   93  455 0.2043956 -37050  -81.428571    3   20   90 0.2222222  -6510  -72.33333
 [5,]    4   84  388 0.2164948 -20270  -52.242268    4   10   69 0.1449275 -10080 -146.08696
 [6,]    5   47  227 0.2070485  -1830   -8.061674    5    8   42 0.1904762  -3030  -72.14286
 [7,]    6   31  132 0.2348485  12050   91.287879    6    6   15 0.4000000   2790  186.00000
 [8,]    7   20   81 0.2469136  22120  273.086420    7    2   14 0.1428571  -2650 -189.28571
 [9,]    8    5   36 0.1388889    730   20.277778    8    0    9 0.0000000  -2700 -300.00000
[10,]    9    3   25 0.1200000  -3180 -127.200000    9    0    7 0.0000000  -2100 -300.00000
[11,]   10    0    1 0.0000000   -300 -300.000000   10    0    0 0.0000000      0    0.00000
[12,]   11    0    1 0.0000000   -300 -300.000000   11    0    0 0.0000000      0    0.00000
[13,]   12    1    3 0.3333333   4280 1426.666667   12    0    1 0.0000000   -300 -300.00000
[14,]   13    1    3 0.3333333   -330 -110.000000   13    0    0 0.0000000      0    0.00000
[15,]   14    0    1 0.0000000   -300 -300.000000   14    0    0 0.0000000      0    0.00000
[16,]   15    0    0 0.0000000      0    0.000000   15    0    0 0.0000000      0    0.00000
[17,]   16    1    1 1.0000000     50   50.000000   16    0    0 0.0000000      0    0.00000
[18,]   17    0    0 0.0000000      0    0.000000   17    0    0 0.0000000      0    0.00000
[19,]   18    0    0 0.0000000      0    0.000000   18    0    0 0.0000000      0    0.00000
[20,]   19    0    2 0.0000000   -600 -300.000000   19    0    1 0.0000000   -300 -300.00000
[21,]   20    0    1 0.0000000   -300 -300.000000   20    0    0 0.0000000      0    0.00000
[22,]   21    0    0 0.0000000      0    0.000000   21    0    0 0.0000000      0    0.00000
[23,]   22    0    0 0.0000000      0    0.000000   22    0    0 0.0000000      0    0.00000
[24,]   23    0    0 0.0000000      0    0.000000   23    0    0 0.0000000      0    0.00000
[25,]   24    0    0 0.0000000      0    0.000000   24    0    0 0.0000000      0    0.00000
[26,]   25    0    0 0.0000000      0    0.000000   25    0    0 0.0000000      0    0.00000
[27,]   26    0    1 0.0000000   -300 -300.000000   26    0    0 0.0000000      0    0.00000
[28,]   27    0    1 0.0000000   -300 -300.000000   27    0    0 0.0000000      0    0.00000
[29,]   28    0    1 0.0000000   -300 -300.000000   28    0    0 0.0000000      0    0.00000
[30,]   29    0    0 0.0000000      0    0.000000   29    0    0 0.0000000      0    0.00000
[31,]   30    1    1 1.0000000    280  280.000000   30    1    1 1.0000000    280  280.00000
[32,]   31    0    0 0.0000000      0    0.000000   31    0    0 0.0000000      0    0.00000
[33,]   32    0    0 0.0000000      0    0.000000   32    0    0 0.0000000      0    0.00000
[34,]   33    0    0 0.0000000      0    0.000000   33    0    0 0.0000000      0    0.00000
[35,]   34    0    0 0.0000000      0    0.000000   34    0    0 0.0000000      0    0.00000
[36,]   35    0    0 0.0000000      0    0.000000   35    0    0 0.0000000      0    0.00000
[37,]   36    0    0 0.0000000      0    0.000000   36    0    0 0.0000000      0    0.00000
[38,]   37    0    0 0.0000000      0    0.000000   37    0    0 0.0000000      0    0.00000
[39,]   38    0    0 0.0000000      0    0.000000   38    0    0 0.0000000      0    0.00000
[40,]   39    0    0 0.0000000      0    0.000000   39    0    0 0.0000000      0    0.00000
[1] -27230
[1] -26560
[1] 380
[1] 62
[1] "<-----------単勝人気順6番   開始範囲:終了範囲=0:50   倍率=4倍"
      [,1] [,2] [,3]      [,4]   [,5]        [,6] [,7] [,8] [,9]      [,10] [,11]       [,12]
 [1,]    0    1    1 1.0000000     50   50.000000    0    0    0 0.00000000     0    0.000000
 [2,]    1    4   16 0.2500000  -2510 -156.875000    1    2    7 0.28571429  -990 -141.428571
 [3,]    2   70  250 0.2800000 -13160  -52.640000    2   13   42 0.30952381  -360   -8.571429
 [4,]    3  104  416 0.2500000 -12850  -30.889423    3   16   72 0.22222222 -4930  -68.472222
 [5,]    4   64  301 0.2126246 -17320  -57.541528    4    7   50 0.14000000 -8590 -171.800000
 [6,]    5   58  246 0.2357724   5360   21.788618    5   10   45 0.22222222 -1830  -40.666667
 [7,]    6   28  154 0.1818182   -890   -5.779221    6    4   22 0.18181818 -2150  -97.727273
 [8,]    7   16   98 0.1632653  10600  108.163265    7    3   22 0.13636364 -2990 -135.909091
 [9,]    8   10   46 0.2173913   2610   56.739130    8    1   12 0.08333333 -2480 -206.666667
[10,]    9   12   39 0.3076923   9890  253.589744    9    3    9 0.33333333  1050  116.666667
[11,]   10    3   19 0.1578947   -510  -26.842105   10    0    2 0.00000000  -600 -300.000000
[12,]   11    2   13 0.1538462  -1350 -103.846154   11    0    3 0.00000000  -900 -300.000000
[13,]   12    2   12 0.1666667  -1360 -113.333333   12    2    3 0.66666667  1340  446.666667
[14,]   13    2   10 0.2000000   -460  -46.000000   13    0    3 0.00000000  -900 -300.000000
[15,]   14    0    3 0.0000000   -900 -300.000000   14    0    1 0.00000000  -300 -300.000000
[16,]   15    1    8 0.1250000  -2120 -265.000000   15    0    1 0.00000000  -300 -300.000000
[17,]   16    1    3 0.3333333   -430 -143.333333   16    1    1 1.00000000   170  170.000000
[18,]   17    1    1 1.0000000    270  270.000000   17    0    0 0.00000000     0    0.000000
[19,]   18    0    1 0.0000000   -300 -300.000000   18    0    0 0.00000000     0    0.000000
[20,]   19    0    1 0.0000000   -300 -300.000000   19    0    1 0.00000000  -300 -300.000000
[21,]   20    0    2 0.0000000   -600 -300.000000   20    0    1 0.00000000  -300 -300.000000
[22,]   21    0    0 0.0000000      0    0.000000   21    0    0 0.00000000     0    0.000000
[23,]   22    0    0 0.0000000      0    0.000000   22    0    0 0.00000000     0    0.000000
[24,]   23    0    2 0.0000000   -600 -300.000000   23    0    2 0.00000000  -600 -300.000000
[25,]   24    0    1 0.0000000   -300 -300.000000   24    0    0 0.00000000     0    0.000000
[26,]   25    0    1 0.0000000   -300 -300.000000   25    0    1 0.00000000  -300 -300.000000
[27,]   26    0    0 0.0000000      0    0.000000   26    0    0 0.00000000     0    0.000000
[28,]   27    0    0 0.0000000      0    0.000000   27    0    0 0.00000000     0    0.000000
[29,]   28    0    0 0.0000000      0    0.000000   28    0    0 0.00000000     0    0.000000
[30,]   29    0    1 0.0000000   -300 -300.000000   29    0    0 0.00000000     0    0.000000
[31,]   30    1    1 1.0000000   2350 2350.000000   30    0    0 0.00000000     0    0.000000
[32,]   31    0    1 0.0000000   -300 -300.000000   31    0    0 0.00000000     0    0.000000
[33,]   32    0    1 0.0000000   -300 -300.000000   32    0    1 0.00000000  -300 -300.000000
[34,]   33    0    0 0.0000000      0    0.000000   33    0    0 0.00000000     0    0.000000
[35,]   34    0    0 0.0000000      0    0.000000   34    0    0 0.00000000     0    0.000000
[36,]   35    0    0 0.0000000      0    0.000000   35    0    0 0.00000000     0    0.000000
[37,]   36    0    0 0.0000000      0    0.000000   36    0    0 0.00000000     0    0.000000
[38,]   37    0    1 0.0000000   -300 -300.000000   37    0    0 0.00000000     0    0.000000
[39,]   38    0    1 0.0000000   -300 -300.000000   38    0    0 0.00000000     0    0.000000
[40,]   39    0    0 0.0000000      0    0.000000   39    0    0 0.00000000     0    0.000000
[41,]   40    0    0 0.0000000      0    0.000000   40    0    0 0.00000000     0    0.000000
[42,]   41    0    1 0.0000000   -300 -300.000000   41    0    0 0.00000000     0    0.000000
[43,]   42    0    0 0.0000000      0    0.000000   42    0    0 0.00000000     0    0.000000
[44,]   43    0    0 0.0000000      0    0.000000   43    0    0 0.00000000     0    0.000000
[45,]   44    0    0 0.0000000      0    0.000000   44    0    0 0.00000000     0    0.000000
[46,]   45    0    1 0.0000000   -300 -300.000000   45    0    0 0.00000000     0    0.000000
[47,]   46    0    0 0.0000000      0    0.000000   46    0    0 0.00000000     0    0.000000
[48,]   47    0    0 0.0000000      0    0.000000   47    0    0 0.00000000     0    0.000000
[49,]   48    0    0 0.0000000      0    0.000000   48    0    0 0.00000000     0    0.000000
[50,]   49    0    0 0.0000000      0    0.000000   49    0    0 0.00000000     0    0.000000
[1] -27230
[1] -26560
[1] 380
[1] 62
[1] "<-----------単勝人気順7番   開始範囲:終了範囲=0:50   倍率=5倍"
      [,1] [,2] [,3]       [,4]   [,5]        [,6] [,7] [,8] [,9]     [,10] [,11]      [,12]
 [1,]    0    4    8 0.50000000   9010 1126.250000    0    1    2 0.5000000   -70  -35.00000
 [2,]    1    4   16 0.25000000   -200  -12.500000    1    1    2 0.5000000   270  135.00000
 [3,]    2   45  191 0.23560209 -13760  -72.041885    2    6   38 0.1578947 -5700 -150.00000
 [4,]    3   83  318 0.26100629 -10540  -33.144654    3   16   56 0.2857143  1960   35.00000
 [5,]    4   71  286 0.24825175  -2030   -7.097902    4   10   43 0.2325581 -3160  -73.48837
 [6,]    5   49  223 0.21973094  -5130  -23.004484    5    6   33 0.1818182 -4540 -137.57576
 [7,]    6   32  150 0.21333333  -4100  -27.333333    6    6   29 0.2068966 -2150  -74.13793
 [8,]    7   21   96 0.21875000   1160   12.083333    7    2   17 0.1176471 -3360 -197.64706
 [9,]    8   18   76 0.23684211   5900   77.631579    8    2   10 0.2000000  -390  -39.00000
[10,]    9   11   60 0.18333333   4530   75.500000    9    2   14 0.1428571 -2070 -147.85714
[11,]   10    8   48 0.16666667   -580  -12.083333   10    0    5 0.0000000 -1500 -300.00000
[12,]   11    9   29 0.31034483   4180  144.137931   11    2    7 0.2857143  -340  -48.57143
[13,]   12    2   21 0.09523810  -3150 -150.000000   12    0    3 0.0000000  -900 -300.00000
[14,]   13    1   20 0.05000000  -5080 -254.000000   13    0    2 0.0000000  -600 -300.00000
[15,]   14    5   19 0.26315789   2640  138.947368   14    2    5 0.4000000  1060  212.00000
[16,]   15    1   16 0.06250000  -3990 -249.375000   15    0    5 0.0000000 -1500 -300.00000
[17,]   16    5   16 0.31250000   -630  -39.375000   16    3    6 0.5000000  1170  195.00000
[18,]   17    1   12 0.08333333  -3130 -260.833333   17    1    7 0.1428571 -1630 -232.85714
[19,]   18    2    8 0.25000000   -750  -93.750000   18    0    3 0.0000000  -900 -300.00000
[20,]   19    1    8 0.12500000   -990 -123.750000   19    1    5 0.2000000   -90  -18.00000
[21,]   20    1    4 0.25000000   -220  -55.000000   20    0    1 0.0000000  -300 -300.00000
[22,]   21    2    5 0.40000000   1900  380.000000   21    0    0 0.0000000     0    0.00000
[23,]   22    0    3 0.00000000   -900 -300.000000   22    0    2 0.0000000  -600 -300.00000
[24,]   23    2    6 0.33333333   1000  166.666667   23    0    1 0.0000000  -300 -300.00000
[25,]   24    0    0 0.00000000      0    0.000000   24    0    0 0.0000000     0    0.00000
[26,]   25    0    0 0.00000000      0    0.000000   25    0    0 0.0000000     0    0.00000
[27,]   26    0    0 0.00000000      0    0.000000   26    0    0 0.0000000     0    0.00000
[28,]   27    0    3 0.00000000   -900 -300.000000   27    0    0 0.0000000     0    0.00000
[29,]   28    0    0 0.00000000      0    0.000000   28    0    0 0.0000000     0    0.00000
[30,]   29    0    2 0.00000000   -600 -300.000000   29    0    2 0.0000000  -600 -300.00000
[31,]   30    1    2 0.50000000    350  175.000000   30    0    1 0.0000000  -300 -300.00000
[32,]   31    0    0 0.00000000      0    0.000000   31    0    0 0.0000000     0    0.00000
[33,]   32    0    1 0.00000000   -300 -300.000000   32    0    0 0.0000000     0    0.00000
[34,]   33    0    1 0.00000000   -300 -300.000000   33    0    0 0.0000000     0    0.00000
[35,]   34    0    0 0.00000000      0    0.000000   34    0    0 0.0000000     0    0.00000
[36,]   35    0    0 0.00000000      0    0.000000   35    0    0 0.0000000     0    0.00000
[37,]   36    0    0 0.00000000      0    0.000000   36    0    0 0.0000000     0    0.00000
[38,]   37    0    0 0.00000000      0    0.000000   37    0    0 0.0000000     0    0.00000
[39,]   38    0    0 0.00000000      0    0.000000   38    0    0 0.0000000     0    0.00000
[40,]   39    0    0 0.00000000      0    0.000000   39    0    0 0.0000000     0    0.00000
[41,]   40    0    1 0.00000000   -300 -300.000000   40    0    0 0.0000000     0    0.00000
[42,]   41    0    0 0.00000000      0    0.000000   41    0    0 0.0000000     0    0.00000
[43,]   42    0    1 0.00000000   -300 -300.000000   42    0    0 0.0000000     0    0.00000
[44,]   43    0    0 0.00000000      0    0.000000   43    0    0 0.0000000     0    0.00000
[45,]   44    0    0 0.00000000      0    0.000000   44    0    0 0.0000000     0    0.00000
[46,]   45    0    0 0.00000000      0    0.000000   45    0    0 0.0000000     0    0.00000
[47,]   46    0    0 0.00000000      0    0.000000   46    0    0 0.0000000     0    0.00000
[48,]   47    0    0 0.00000000      0    0.000000   47    0    0 0.0000000     0    0.00000
[49,]   48    0    0 0.00000000      0    0.000000   48    0    0 0.0000000     0    0.00000
[50,]   49    0    0 0.00000000      0    0.000000   49    0    0 0.0000000     0    0.00000
[1] -27230
[1] -26560
[1] 380
[1] 62
[1] "<-----------単勝人気順8番   開始範囲:終了範囲=0:40   倍率=10倍"
      [,1] [,2] [,3]      [,4]   [,5]        [,6] [,7] [,8] [,9]      [,10] [,11]       [,12]
 [1,]    0   13   41 0.3170732   8360  203.902439    0    1    8 0.12500000 -1930 -241.250000
 [2,]    1   53  208 0.2548077  -5630  -27.067308    1    8   39 0.20512821 -2860  -73.333333
 [3,]    2   80  395 0.2025316 -37920  -96.000000    2   14   63 0.22222222 -5140  -81.587302
 [4,]    3   78  294 0.2653061   9390   31.938776    3   15   49 0.30612245  1480   30.204082
 [5,]    4   46  202 0.2277228  -1780   -8.811881    4    4   30 0.13333333 -4530 -151.000000
 [6,]    5   22  122 0.1803279  -6800  -55.737705    5    1   23 0.04347826 -5940 -258.260870
 [7,]    6   20   87 0.2298851   2580   29.655172    6    4   15 0.26666667  -950  -63.333333
 [8,]    7   13   73 0.1780822  -1560  -21.369863    7    2   10 0.20000000  -260  -26.000000
 [9,]    8    8   47 0.1702128   -400   -8.510638    8    2   16 0.12500000 -2110 -131.875000
[10,]    9   13   40 0.3250000   7140  178.500000    9    3    9 0.33333333    30    3.333333
[11,]   10    7   34 0.2058824  -3350  -98.529412   10    3    9 0.33333333  1210  134.444444
[12,]   11    4   22 0.1818182  -3600 -163.636364   11    1    4 0.25000000  -490 -122.500000
[13,]   12    4   20 0.2000000   -160   -8.000000   12    0    3 0.00000000  -900 -300.000000
[14,]   13    5   12 0.4166667    500   41.666667   13    1    7 0.14285714 -1600 -228.571429
[15,]   14    1    9 0.1111111   -210  -23.333333   14    0    3 0.00000000  -900 -300.000000
[16,]   15    1    9 0.1111111  -1020 -113.333333   15    0    1 0.00000000  -300 -300.000000
[17,]   16    5   11 0.4545455   3560  323.636364   16    1    3 0.33333333  -320 -106.666667
[18,]   17    1    3 0.3333333   -370 -123.333333   17    1    2 0.50000000   -70  -35.000000
[19,]   18    1    5 0.2000000   2810  562.000000   18    0    1 0.00000000  -300 -300.000000
[20,]   19    2    5 0.4000000   2490  498.000000   19    0    0 0.00000000     0    0.000000
[21,]   20    0    2 0.0000000   -600 -300.000000   20    0    1 0.00000000  -300 -300.000000
[22,]   21    0    3 0.0000000   -900 -300.000000   21    0    2 0.00000000  -600 -300.000000
[23,]   22    0    0 0.0000000      0    0.000000   22    0    0 0.00000000     0    0.000000
[24,]   23    0    1 0.0000000   -300 -300.000000   23    0    0 0.00000000     0    0.000000
[25,]   24    1    1 1.0000000    820  820.000000   24    1    1 1.00000000   820  820.000000
[26,]   25    0    1 0.0000000   -300 -300.000000   25    0    1 0.00000000  -300 -300.000000
[27,]   26    0    0 0.0000000      0    0.000000   26    0    0 0.00000000     0    0.000000
[28,]   27    0    0 0.0000000      0    0.000000   27    0    0 0.00000000     0    0.000000
[29,]   28    0    0 0.0000000      0    0.000000   28    0    0 0.00000000     0    0.000000
[30,]   29    0    0 0.0000000      0    0.000000   29    0    0 0.00000000     0    0.000000
[31,]   30    0    0 0.0000000      0    0.000000   30    0    0 0.00000000     0    0.000000
[32,]   31    0    0 0.0000000      0    0.000000   31    0    0 0.00000000     0    0.000000
[33,]   32    0    0 0.0000000      0    0.000000   32    0    0 0.00000000     0    0.000000
[34,]   33    0    0 0.0000000      0    0.000000   33    0    0 0.00000000     0    0.000000
[35,]   34    0    0 0.0000000      0    0.000000   34    0    0 0.00000000     0    0.000000
[36,]   35    0    0 0.0000000      0    0.000000   35    0    0 0.00000000     0    0.000000
[37,]   36    0    0 0.0000000      0    0.000000   36    0    0 0.00000000     0    0.000000
[38,]   37    0    0 0.0000000      0    0.000000   37    0    0 0.00000000     0    0.000000
[39,]   38    0    0 0.0000000      0    0.000000   38    0    0 0.00000000     0    0.000000
[40,]   39    0    0 0.0000000      0    0.000000   39    0    0 0.00000000     0    0.000000
[1] -27230
[1] -26560
[1] 380
[1] 62
[1] "<-----------単勝人気順9番   開始範囲:終了範囲=0:40   倍率=15倍"
      [,1] [,2] [,3]      [,4]   [,5]        [,6] [,7] [,8] [,9]      [,10] [,11]      [,12]
 [1,]    0   42  147 0.2857143  23850  162.244898    0    7   28 0.25000000 -2050  -73.21429
 [2,]    1   62  275 0.2254545 -17610  -64.036364    1   10   50 0.20000000 -4320  -86.40000
 [3,]    2   88  341 0.2580645  -4010  -11.759531    2   14   60 0.23333333 -3780  -63.00000
 [4,]    3   55  260 0.2115385 -15580  -59.923077    3   10   40 0.25000000  -660  -16.50000
 [5,]    4   28  156 0.1794872 -12170  -78.012821    4    2   23 0.08695652 -5240 -227.82609
 [6,]    5   20   97 0.2061856    510    5.257732    5    4   15 0.26666667  -730  -48.66667
 [7,]    6   22   92 0.2391304   2070   22.500000    6    2   21 0.09523810 -4010 -190.95238
 [8,]    7   12   63 0.1904762  -2380  -37.777778    7    1   11 0.09090909 -1890 -171.81818
 [9,]    8    9   49 0.1836735  -1560  -31.836735    8    1    9 0.11111111 -1140 -126.66667
[10,]    9    7   39 0.1794872  -5050 -129.487179    9    2    8 0.25000000  -570  -71.25000
[11,]   10    9   35 0.2571429  -2250  -64.285714   10    2    7 0.28571429 -1120 -160.00000
[12,]   11    6   20 0.3000000   1870   93.500000   11    2    4 0.50000000  1630  407.50000
[13,]   12    4   15 0.2666667   2330  155.333333   12    0    4 0.00000000 -1200 -300.00000
[14,]   13    2   14 0.1428571  -1930 -137.857143   13    1    5 0.20000000   200   40.00000
[15,]   14    3   10 0.3000000   4190  419.000000   14    0    3 0.00000000  -900 -300.00000
[16,]   15    0    3 0.0000000   -900 -300.000000   15    0    0 0.00000000     0    0.00000
[17,]   16    1    6 0.1666667    550   91.666667   16    0    0 0.00000000     0    0.00000
[18,]   17    1    4 0.2500000    480  120.000000   17    0    2 0.00000000  -600 -300.00000
[19,]   18    2    5 0.4000000   -350  -70.000000   18    2    5 0.40000000  -350  -70.00000
[20,]   19    0    4 0.0000000  -1200 -300.000000   19    0    1 0.00000000  -300 -300.00000
[21,]   20    2    2 1.0000000   1060  530.000000   20    1    1 1.00000000   550  550.00000
[22,]   21    0    0 0.0000000      0    0.000000   21    0    0 0.00000000     0    0.00000
[23,]   22    0    1 0.0000000   -300 -300.000000   22    0    0 0.00000000     0    0.00000
[24,]   23    0    0 0.0000000      0    0.000000   23    0    0 0.00000000     0    0.00000
[25,]   24    0    0 0.0000000      0    0.000000   24    0    0 0.00000000     0    0.00000
[26,]   25    0    1 0.0000000   -300 -300.000000   25    0    1 0.00000000  -300 -300.00000
[27,]   26    1    2 0.5000000    520  260.000000   26    1    1 1.00000000   820  820.00000
[28,]   27    0    0 0.0000000      0    0.000000   27    0    0 0.00000000     0    0.00000
[29,]   28    1    1 1.0000000   1190 1190.000000   28    0    0 0.00000000     0    0.00000
[30,]   29    0    0 0.0000000      0    0.000000   29    0    0 0.00000000     0    0.00000
[31,]   30    1    2 0.5000000    180   90.000000   30    0    0 0.00000000     0    0.00000
[32,]   31    0    0 0.0000000      0    0.000000   31    0    0 0.00000000     0    0.00000
[33,]   32    0    0 0.0000000      0    0.000000   32    0    0 0.00000000     0    0.00000
[34,]   33    0    0 0.0000000      0    0.000000   33    0    0 0.00000000     0    0.00000
[35,]   34    0    0 0.0000000      0    0.000000   34    0    0 0.00000000     0    0.00000
[36,]   35    0    0 0.0000000      0    0.000000   35    0    0 0.00000000     0    0.00000
[37,]   36    1    1 1.0000000    650  650.000000   36    0    0 0.00000000     0    0.00000
[38,]   37    0    0 0.0000000      0    0.000000   37    0    0 0.00000000     0    0.00000
[39,]   38    0    0 0.0000000      0    0.000000   38    0    0 0.00000000     0    0.00000
[40,]   39    0    0 0.0000000      0    0.000000   39    0    0 0.00000000     0    0.00000
[1] -27230
[1] -26560
