[1] "<-----------1"
      [,1] [,2] [,3]      [,4]    [,5]        [,6]
 [1,] 0.00 1341 3492 0.3840206 -193640  -55.452463
 [2,] 0.05    0    0 0.0000000       0    0.000000
 [3,] 0.10    0    0 0.0000000       0    0.000000
 [4,] 0.15    1    1 1.0000000      40   40.000000
 [5,] 0.20    0    0 0.0000000       0    0.000000
 [6,] 0.25    0    0 0.0000000       0    0.000000
 [7,] 0.30    0    0 0.0000000       0    0.000000
 [8,] 0.35    0    0 0.0000000       0    0.000000
 [9,] 0.40    0    0 0.0000000       0    0.000000
[10,] 0.45    1    1 1.0000000     130  130.000000
[11,] 0.50    0    0 0.0000000       0    0.000000
[12,] 0.55    0    0 0.0000000       0    0.000000
[13,] 0.60    0    0 0.0000000       0    0.000000
[14,] 0.65    0    0 0.0000000       0    0.000000
[15,] 0.70    1    3 0.3333333     170   56.666667
[16,] 0.75    1    4 0.2500000     160   40.000000
[17,] 0.80    2    8 0.2500000    -830 -103.750000
[18,] 0.85    3    6 0.5000000     700  116.666667
[19,] 0.90    9   22 0.4090909   -1090  -49.545455
[20,] 0.95    1    9 0.1111111   -1180 -131.111111
[21,] 1.00   31   79 0.3924051    -120   -1.518987
[22,] 1.10   28   80 0.3500000   -4850  -60.625000
[23,] 1.20   30   86 0.3488372   -2740  -31.860465
[24,] 1.30   17   70 0.2428571   -5540  -79.142857
[25,] 1.40   31   77 0.4025974   -2640  -34.285714
[26,] 1.50   24   66 0.3636364   -3600  -54.545455
[27,] 1.60   13   54 0.2407407   -4540  -84.074074
[28,] 1.70   10   39 0.2564103   -2800  -71.794872
[29,] 1.80   14   29 0.4827586     570   19.655172
[30,] 1.90   10   31 0.3225806    -420  -13.548387
[31,] 2.00   28   67 0.4179104   -1190  -17.761194
[32,] 2.25    9   28 0.3214286   -1390  -49.642857
[33,] 2.50    6   19 0.3157895   -1530  -80.526316
[34,] 2.75   11   22 0.5000000     970   44.090909
[35,] 3.00    4   14 0.2857143   -1140  -81.428571
[36,] 3.25    2    7 0.2857143    -610  -87.142857
[37,] 3.50    1    2 0.5000000     -10   -5.000000
[38,] 3.75    1    2 0.5000000     170   85.000000
[39,] 4.00    0    3 0.0000000    -600 -200.000000
[40,] 4.25    1    2 0.5000000    -190  -95.000000
[1] "<-----------2"
      [,1] [,2] [,3]      [,4]    [,5]        [,6]
 [1,] 0.00 1018 2519 0.4041286 -131110  -52.048432
 [2,] 0.05    0    0 0.0000000       0    0.000000
 [3,] 0.10    0    0 0.0000000       0    0.000000
 [4,] 0.15    1    1 1.0000000      10   10.000000
 [5,] 0.20    0    3 0.0000000    -600 -200.000000
 [6,] 0.25    2    6 0.3333333    -820 -136.666667
 [7,] 0.30    3   10 0.3000000   -1300 -130.000000
 [8,] 0.35    6   15 0.4000000   -1270  -84.666667
 [9,] 0.40   13   24 0.5416667     550   22.916667
[10,] 0.45   14   29 0.4827586     200    6.896552
[11,] 0.50   22   56 0.3928571   -3190  -56.964286
[12,] 0.55   26   63 0.4126984   -1820  -28.888889
[13,] 0.60   17   69 0.2463768   -5580  -80.869565
[14,] 0.65   40   93 0.4301075   -2610  -28.064516
[15,] 0.70   32   95 0.3368421   -6380  -67.157895
[16,] 0.75   27   71 0.3802817   -1190  -16.760563
[17,] 0.80   21   69 0.3043478   -6040  -87.536232
[18,] 0.85   21   74 0.2837838   -5780  -78.108108
[19,] 0.90   16   68 0.2352941   -5030  -73.970588
[20,] 0.95   23   55 0.4181818     330    6.000000
[21,] 1.00   41  139 0.2949640   -7340  -52.805755
[22,] 1.10   45  133 0.3383459   -6000  -45.112782
[23,] 1.20   27   99 0.2727273   -6190  -62.525253
[24,] 1.30   31  118 0.2627119   -9960  -84.406780
[25,] 1.40   32   85 0.3764706   -2040  -24.000000
[26,] 1.50   29   79 0.3670886   -3820  -48.354430
[27,] 1.60   14   49 0.2857143   -3450  -70.408163
[28,] 1.70   13   40 0.3250000   -2640  -66.000000
[29,] 1.80   18   40 0.4500000    -590  -14.750000
[30,] 1.90   10   32 0.3125000   -1590  -49.687500
[31,] 2.00   18   63 0.2857143   -5940  -94.285714
[32,] 2.25   13   36 0.3611111   -2140  -59.444444
[33,] 2.50    9   35 0.2571429   -2990  -85.428571
[34,] 2.75    6   17 0.3529412    -960  -56.470588
[35,] 3.00   10   16 0.6250000      90    5.625000
[36,] 3.25    3    8 0.3750000    -240  -30.000000
[37,] 3.50    3    6 0.5000000    -300  -50.000000
[38,] 3.75    1    2 0.5000000     -60  -30.000000
[39,] 4.00    1    7 0.1428571   -1120 -160.000000
[40,] 4.25    2    2 1.0000000     280  140.000000
[1] "<-----------3"
      [,1] [,2] [,3]      [,4]    [,5]        [,6]
 [1,] 0.00  852 2073 0.4109986 -100670  -48.562470
 [2,] 0.05    0    1 0.0000000    -200 -200.000000
 [3,] 0.10    1    2 0.5000000    -160  -80.000000
 [4,] 0.15    0    2 0.0000000    -400 -200.000000
 [5,] 0.20    3    6 0.5000000    -580  -96.666667
 [6,] 0.25    8   15 0.5333333     170   11.333333
 [7,] 0.30   13   22 0.5909091    -510  -23.181818
 [8,] 0.35   13   28 0.4642857   -1440  -51.428571
 [9,] 0.40   21   52 0.4038462   -3070  -59.038462
[10,] 0.45   26   54 0.4814815   -1050  -19.444444
[11,] 0.50   18   66 0.2727273   -5330  -80.757576
[12,] 0.55   38   94 0.4042553   -3570  -37.978723
[13,] 0.60   32   90 0.3555556   -4410  -49.000000
[14,] 0.65   39  107 0.3644860    -870   -8.130841
[15,] 0.70   37  113 0.3274336   -7700  -68.141593
[16,] 0.75   37  121 0.3057851   -7050  -58.264463
[17,] 0.80   31   99 0.3131313   -5150  -52.020202
[18,] 0.85   31   98 0.3163265   -5760  -58.775510
[19,] 0.90   22   93 0.2365591   -8690  -93.440860
[20,] 0.95   22   66 0.3333333   -3750  -56.818182
[21,] 1.00   46  151 0.3046358   -9290  -61.523179
[22,] 1.10   35  123 0.2845528   -9100  -73.983740
[23,] 1.20   41  121 0.3388430   -5560  -45.950413
[24,] 1.30   33  119 0.2773109   -7730  -64.957983
[25,] 1.40   28   92 0.3043478   -5430  -59.021739
[26,] 1.50   28   98 0.2857143  -10230 -104.387755
[27,] 1.60   21   59 0.3559322   -3480  -58.983051
[28,] 1.70   20   51 0.3921569   -2860  -56.078431
[29,] 1.80   19   44 0.4318182   -1770  -40.227273
[30,] 1.90    8   27 0.2962963   -2450  -90.740741
[31,] 2.00   34   82 0.4146341   -2340  -28.536585
[32,] 2.25   22   43 0.5116279   -2770  -64.418605
[33,] 2.50    7   39 0.1794872   -6130 -157.179487
[34,] 2.75   12   25 0.4800000    -650  -26.000000
[35,] 3.00    7   16 0.4375000    -480  -30.000000
[36,] 3.25    7   10 0.7000000     890   89.000000
[37,] 3.50    7   11 0.6363636     120   10.909091
[38,] 3.75    2    2 1.0000000     580  290.000000
[39,] 4.00    3    4 0.7500000    -220  -55.000000
[40,] 4.25    1    1 1.0000000    -100 -100.000000
[1] "<-----------4"
      [,1] [,2] [,3]      [,4]   [,5]       [,6]
 [1,] 0.00  753 1845 0.4081301 -87940  -47.66396
 [2,] 0.05    1    2 0.5000000     80   40.00000
 [3,] 0.10    1    1 1.0000000    140  140.00000
 [4,] 0.15    2    5 0.4000000   -530 -106.00000
 [5,] 0.20    2    5 0.4000000   -280  -56.00000
 [6,] 0.25    6   16 0.3750000   -760  -47.50000
 [7,] 0.30   11   30 0.3666667  -1990  -66.33333
 [8,] 0.35   19   52 0.3653846  -3040  -58.46154
 [9,] 0.40   16   44 0.3636364  -2850  -64.77273
[10,] 0.45   19   47 0.4042553  -1080  -22.97872
[11,] 0.50   44   92 0.4782609  -1860  -20.21739
[12,] 0.55   33   94 0.3510638  -6980  -74.25532
[13,] 0.60   40  107 0.3738318  -2450  -22.89720
[14,] 0.65   45  123 0.3658537  -4300  -34.95935
[15,] 0.70   20   79 0.2531646  -9150 -115.82278
[16,] 0.75   46  124 0.3709677  -5160  -41.61290
[17,] 0.80   35  110 0.3181818  -3400  -30.90909
[18,] 0.85   36  113 0.3185841  -6100  -53.98230
[19,] 0.90   25   84 0.2976190  -8350  -99.40476
[20,] 0.95   30   87 0.3448276  -6090  -70.00000
[21,] 1.00   50  163 0.3067485 -10340  -63.43558
[22,] 1.10   45  150 0.3000000 -10340  -68.93333
[23,] 1.20   38  134 0.2835821  -9570  -71.41791
[24,] 1.30   48  125 0.3840000  -3370  -26.96000
[25,] 1.40   29  103 0.2815534 -10000  -97.08738
[26,] 1.50   25   77 0.3246753  -4750  -61.68831
[27,] 1.60   32   85 0.3764706  -4910  -57.76471
[28,] 1.70   20   54 0.3703704  -2870  -53.14815
[29,] 1.80   22   58 0.3793103  -4110  -70.86207
[30,] 1.90   25   57 0.4385965  -1100  -19.29825
[31,] 2.00   28   74 0.3783784  -4350  -58.78378
[32,] 2.25   31   62 0.5000000  -1800  -29.03226
[33,] 2.50   12   36 0.3333333  -4170 -115.83333
[34,] 2.75   12   24 0.5000000  -1680  -70.00000
[35,] 3.00    7   18 0.3888889  -1920 -106.66667
[36,] 3.25   10   20 0.5000000    -40   -2.00000
[37,] 3.50    1    2 0.5000000   -210 -105.00000
[38,] 3.75    6   10 0.6000000    200   20.00000
[39,] 4.00    2    2 1.0000000     20   10.00000
[40,] 4.25    3    7 0.4285714   -260  -37.14286
[1] "<-----------5"
      [,1] [,2] [,3]      [,4]   [,5]        [,6]
 [1,] 0.00  711 1811 0.3926008 -87410  -48.266151
 [2,] 0.05    1    1 1.0000000    -80  -80.000000
 [3,] 0.10    1    3 0.3333333   -390 -130.000000
 [4,] 0.15    2    4 0.5000000    -80  -20.000000
 [5,] 0.20    6   10 0.6000000   -150  -15.000000
 [6,] 0.25    8   20 0.4000000  -1080  -54.000000
 [7,] 0.30   10   31 0.3225806  -1940  -62.580645
 [8,] 0.35   22   52 0.4230769  -1780  -34.230769
 [9,] 0.40   27   57 0.4736842    450    7.894737
[10,] 0.45   26   64 0.4062500  -3370  -52.656250
[11,] 0.50   39   82 0.4756098  -2540  -30.975610
[12,] 0.55   30   89 0.3370787  -7500  -84.269663
[13,] 0.60   31   85 0.3647059  -4540  -53.411765
[14,] 0.65   26  109 0.2385321 -11680 -107.155963
[15,] 0.70   30  119 0.2521008 -10210  -85.798319
[16,] 0.75   30   92 0.3260870  -5470  -59.456522
[17,] 0.80   26  106 0.2452830 -10100  -95.283019
[18,] 0.85   28   99 0.2828283  -7010  -70.808081
[19,] 0.90   38  103 0.3689320  -3140  -30.485437
[20,] 0.95   23   67 0.3432836  -6540  -97.611940
[21,] 1.00   62  171 0.3625731  -9320  -54.502924
[22,] 1.10   54  167 0.3233533 -10140  -60.718563
[23,] 1.20   57  150 0.3800000  -7890  -52.600000
[24,] 1.30   45  114 0.3947368  -3370  -29.561404
[25,] 1.40   38  110 0.3454545  -7130  -64.818182
[26,] 1.50   42   91 0.4615385   1090   11.978022
[27,] 1.60   21   69 0.3043478  -6210  -90.000000
[28,] 1.70   24   53 0.4528302  -1210  -22.830189
[29,] 1.80   21   47 0.4468085   -600  -12.765957
[30,] 1.90    9   38 0.2368421  -5440 -143.157895
[31,] 2.00   34   82 0.4146341  -4570  -55.731707
[32,] 2.25   27   59 0.4576271  -2620  -44.406780
[33,] 2.50   24   46 0.5217391  -1220  -26.521739
[34,] 2.75   14   39 0.3589744  -2590  -66.410256
[35,] 3.00   11   17 0.6470588    380   22.352941
[36,] 3.25   13   23 0.5652174   -640  -27.826087
[37,] 3.50    4   14 0.2857143  -1450 -103.571429
[38,] 3.75    4    9 0.4444444   -900 -100.000000
[39,] 4.00    4    7 0.5714286    320   45.714286
[40,] 4.25    3    5 0.6000000    310   62.000000
[1] "<-----------6"
      [,1] [,2] [,3]      [,4]   [,5]        [,6]
 [1,] 0.00  692 1797 0.3850863 -95730  -53.272120
 [2,] 0.05    0    0 0.0000000      0    0.000000
 [3,] 0.10    2    4 0.5000000    270   67.500000
 [4,] 0.15    7   11 0.6363636    -80   -7.272727
 [5,] 0.20    6   15 0.4000000   -480  -32.000000
 [6,] 0.25    7   21 0.3333333  -1590  -75.714286
 [7,] 0.30   16   29 0.5517241    760   26.206897
 [8,] 0.35   13   43 0.3023256  -3000  -69.767442
 [9,] 0.40   16   48 0.3333333  -1280  -26.666667
[10,] 0.45   27   79 0.3417722  -6280  -79.493671
[11,] 0.50   31   84 0.3690476  -2690  -32.023810
[12,] 0.55   31   79 0.3924051  -2210  -27.974684
[13,] 0.60   33   86 0.3837209  -3510  -40.813953
[14,] 0.65   37  114 0.3245614  -6590  -57.807018
[15,] 0.70   37   99 0.3737374  -6090  -61.515152
[16,] 0.75   44  109 0.4036697   -980   -8.990826
[17,] 0.80   29   98 0.2959184  -7250  -73.979592
[18,] 0.85   31   86 0.3604651  -1880  -21.860465
[19,] 0.90   25   83 0.3012048  -5980  -72.048193
[20,] 0.95   22   73 0.3013699  -5960  -81.643836
[21,] 1.00   56  167 0.3353293 -10460  -62.634731
[22,] 1.10   60  146 0.4109589  -4220  -28.904110
[23,] 1.20   39  131 0.2977099 -11820  -90.229008
[24,] 1.30   38  134 0.2835821 -13280  -99.104478
[25,] 1.40   38  116 0.3275862  -9910  -85.431034
[26,] 1.50   39   90 0.4333333  -2620  -29.111111
[27,] 1.60   19   71 0.2676056  -7110 -100.140845
[28,] 1.70   22   46 0.4782609    -80   -1.739130
[29,] 1.80   26   55 0.4727273  -2560  -46.545455
[30,] 1.90   24   58 0.4137931  -2930  -50.517241
[31,] 2.00   39   91 0.4285714  -3520  -38.681319
[32,] 2.25   36   80 0.4500000  -1260  -15.750000
[33,] 2.50   20   43 0.4651163  -2690  -62.558140
[34,] 2.75   15   35 0.4285714  -2510  -71.714286
[35,] 3.00   18   30 0.6000000    480   16.000000
[36,] 3.25    5   11 0.4545455   -390  -35.454545
[37,] 3.50    9   20 0.4500000  -1130  -56.500000
[38,] 3.75    8   17 0.4705882   -370  -21.764706
[39,] 4.00    5   11 0.4545455    -60   -5.454545
[40,] 4.25    2    4 0.5000000   -370  -92.500000
[1] "<-----------7"
      [,1] [,2] [,3]      [,4]   [,5]        [,6]
 [1,] 0.00  745 1909 0.3902567 -95470  -50.010477
 [2,] 0.05    0    0 0.0000000      0    0.000000
 [3,] 0.10    4    8 0.5000000   -600  -75.000000
 [4,] 0.15    5    8 0.6250000    180   22.500000
 [5,] 0.20   12   26 0.4615385  -1180  -45.384615
 [6,] 0.25   19   33 0.5757576    400   12.121212
 [7,] 0.30    9   27 0.3333333  -2510  -92.962963
 [8,] 0.35   16   39 0.4102564  -1670  -42.820513
 [9,] 0.40   19   52 0.3653846  -3680  -70.769231
[10,] 0.45   18   52 0.3461538  -3960  -76.153846
[11,] 0.50   27   73 0.3698630  -1680  -23.013699
[12,] 0.55   27   82 0.3292683  -5780  -70.487805
[13,] 0.60   23   70 0.3285714  -5640  -80.571429
[14,] 0.65   31   87 0.3563218  -5520  -63.448276
[15,] 0.70   36   93 0.3870968  -4860  -52.258065
[16,] 0.75   30   95 0.3157895  -6160  -64.842105
[17,] 0.80   26   82 0.3170732  -4950  -60.365854
[18,] 0.85   28   78 0.3589744  -1340  -17.179487
[19,] 0.90   27   81 0.3333333  -2890  -35.679012
[20,] 0.95   32   86 0.3720930   -240   -2.790698
[21,] 1.00   56  191 0.2931937 -14260  -74.659686
[22,] 1.10   43  117 0.3675214  -4690  -40.085470
[23,] 1.20   47  147 0.3197279 -11070  -75.306122
[24,] 1.30   34  107 0.3177570  -6870  -64.205607
[25,] 1.40   42  113 0.3716814  -6560  -58.053097
[26,] 1.50   32   86 0.3720930  -4630  -53.837209
[27,] 1.60   32   86 0.3720930  -5330  -61.976744
[28,] 1.70   28   78 0.3589744  -6750  -86.538462
[29,] 1.80   17   37 0.4594595   -730  -19.729730
[30,] 1.90   22   38 0.5789474    850   22.368421
[31,] 2.00   41   99 0.4141414  -4080  -41.212121
[32,] 2.25   29   64 0.4531250  -1960  -30.625000
[33,] 2.50   19   53 0.3584906  -4280  -80.754717
[34,] 2.75   18   32 0.5625000  -1720  -53.750000
[35,] 3.00    7   22 0.3181818  -2730 -124.090909
[36,] 3.25    7   19 0.3684211   -910  -47.894737
[37,] 3.50    6   13 0.4615385   -610  -46.923077
[38,] 3.75    4    8 0.5000000    -40   -5.000000
[39,] 4.00    5   15 0.3333333  -1490  -99.333333
[40,] 4.25    4    6 0.6666667    200   33.333333
[1] "<-----------8"
      [,1] [,2] [,3]      [,4]    [,5]        [,6]
 [1,] 0.00  844 2199 0.3838108 -123720  -56.261937
 [2,] 0.05    2    3 0.6666667     290   96.666667
 [3,] 0.10    5    5 1.0000000     700  140.000000
 [4,] 0.15    5   11 0.4545455    -450  -40.909091
 [5,] 0.20    2   11 0.1818182   -1940 -176.363636
 [6,] 0.25    7   22 0.3181818   -2390 -108.636364
 [7,] 0.30   19   30 0.6333333    2130   71.000000
 [8,] 0.35   21   51 0.4117647   -2110  -41.372549
 [9,] 0.40   18   43 0.4186047   -2770  -64.418605
[10,] 0.45   17   53 0.3207547   -3110  -58.679245
[11,] 0.50   17   44 0.3863636   -1700  -38.636364
[12,] 0.55   20   56 0.3571429   -2970  -53.035714
[13,] 0.60   20   58 0.3448276   -2170  -37.413793
[14,] 0.65   25   70 0.3571429   -3530  -50.428571
[15,] 0.70   35   91 0.3846154   -1520  -16.703297
[16,] 0.75   33   80 0.4125000   -1810  -22.625000
[17,] 0.80   29   91 0.3186813   -7940  -87.252747
[18,] 0.85   28   77 0.3636364   -1370  -17.792208
[19,] 0.90   27   74 0.3648649   -2120  -28.648649
[20,] 0.95   18   69 0.2608696   -7040 -102.028986
[21,] 1.00   43  142 0.3028169   -8250  -58.098592
[22,] 1.10   49  130 0.3769231   -5020  -38.615385
[23,] 1.20   28  125 0.2240000  -13100 -104.800000
[24,] 1.30   44  107 0.4112150   -3480  -32.523364
[25,] 1.40   33  103 0.3203883   -8510  -82.621359
[26,] 1.50   21   68 0.3088235   -5180  -76.176471
[27,] 1.60   26   59 0.4406780    -500   -8.474576
[28,] 1.70   19   54 0.3518519   -3560  -65.925926
[29,] 1.80   24   53 0.4528302   -2120  -40.000000
[30,] 1.90   18   43 0.4186047   -1280  -29.767442
[31,] 2.00   39   86 0.4534884   -1620  -18.837209
[32,] 2.25   31   63 0.4920635   -1410  -22.380952
[33,] 2.50   20   43 0.4651163   -1490  -34.651163
[34,] 2.75   18   37 0.4864865   -1020  -27.567568
[35,] 3.00   10   28 0.3571429   -1640  -58.571429
[36,] 3.25    7   15 0.4666667    -600  -40.000000
[37,] 3.50    0    9 0.0000000   -1800 -200.000000
[38,] 3.75    6    8 0.7500000     490   61.250000
[39,] 4.00    2    5 0.4000000    -540 -108.000000
[40,] 4.25    1    5 0.2000000    -490  -98.000000
[1] "<-----------9"
      [,1] [,2] [,3]      [,4]    [,5]        [,6]
 [1,] 0.00 1041 2602 0.4000769 -144540  -55.549577
 [2,] 0.05    1    1 1.0000000     600  600.000000
 [3,] 0.10    3    8 0.3750000    -650  -81.250000
 [4,] 0.15    2   10 0.2000000   -1190 -119.000000
 [5,] 0.20    4   10 0.4000000    -860  -86.000000
 [6,] 0.25   11   25 0.4400000   -1240  -49.600000
 [7,] 0.30    9   25 0.3600000   -1940  -77.600000
 [8,] 0.35    8   25 0.3200000   -1220  -48.800000
 [9,] 0.40   11   33 0.3333333   -3010  -91.212121
[10,] 0.45   13   46 0.2826087   -3910  -85.000000
[11,] 0.50    9   36 0.2500000   -2960  -82.222222
[12,] 0.55   19   60 0.3166667   -3080  -51.333333
[13,] 0.60   21   59 0.3559322   -3890  -65.932203
[14,] 0.65   20   57 0.3508772   -2780  -48.771930
[15,] 0.70   17   59 0.2881356   -3690  -62.542373
[16,] 0.75   21   54 0.3888889   -1870  -34.629630
[17,] 0.80   28   81 0.3456790   -3330  -41.111111
[18,] 0.85   29   72 0.4027778     230    3.194444
[19,] 0.90   20   57 0.3508772   -3540  -62.105263
[20,] 0.95   21   58 0.3620690     370    6.379310
[21,] 1.00   36  115 0.3130435   -7100  -61.739130
[22,] 1.10   31  105 0.2952381   -7810  -74.380952
[23,] 1.20   28   89 0.3146067   -5620  -63.146067
[24,] 1.30   27   95 0.2842105   -4340  -45.684211
[25,] 1.40   23   60 0.3833333   -1960  -32.666667
[26,] 1.50   25   68 0.3676471   -2970  -43.676471
[27,] 1.60   14   53 0.2641509   -4550  -85.849057
[28,] 1.70   18   47 0.3829787   -2150  -45.744681
[29,] 1.80   11   43 0.2558140   -3910  -90.930233
[30,] 1.90   13   31 0.4193548     370   11.935484
[31,] 2.00   28   74 0.3783784   -3500  -47.297297
[32,] 2.25   20   52 0.3846154   -2040  -39.230769
[33,] 2.50   14   37 0.3783784     130    3.513514
[34,] 2.75   10   27 0.3703704    -710  -26.296296
[35,] 3.00   12   19 0.6315789    2270  119.473684
[36,] 3.25    6    9 0.6666667     910  101.111111
[37,] 3.50    2   11 0.1818182   -1730 -157.272727
[38,] 3.75    1    4 0.2500000    -260  -65.000000
[39,] 4.00    1    3 0.3333333    -250  -83.333333
[40,] 4.25    3    6 0.5000000    -240  -40.000000
[1] "<-----------10"
      [,1] [,2] [,3]       [,4]    [,5]       [,6]
 [1,] 0.00 1282 3135 0.40893142 -161680  -51.57257
 [2,] 0.05    0    2 0.00000000    -400 -200.00000
 [3,] 0.10    4    5 0.80000000     580  116.00000
 [4,] 0.15    1    3 0.33333333     170   56.66667
 [5,] 0.20    4    9 0.44444444     460   51.11111
 [6,] 0.25    2   10 0.20000000    -850  -85.00000
 [7,] 0.30    4   18 0.22222222   -1670  -92.77778
 [8,] 0.35    8   20 0.40000000    -810  -40.50000
 [9,] 0.40    7   18 0.38888889    -700  -38.88889
[10,] 0.45   14   34 0.41176471    1460   42.94118
[11,] 0.50   12   33 0.36363636   -1030  -31.21212
[12,] 0.55   11   35 0.31428571   -1840  -52.57143
[13,] 0.60    8   32 0.25000000   -3110  -97.18750
[14,] 0.65   12   42 0.28571429   -2260  -53.80952
[15,] 0.70   14   43 0.32558140   -2430  -56.51163
[16,] 0.75   18   50 0.36000000     220    4.40000
[17,] 0.80   13   51 0.25490196   -2400  -47.05882
[18,] 0.85   13   48 0.27083333   -2260  -47.08333
[19,] 0.90    3   41 0.07317073   -7110 -173.41463
[20,] 0.95   14   41 0.34146341   -1010  -24.63415
[21,] 1.00   19   83 0.22891566   -7260  -87.46988
[22,] 1.10   20   88 0.22727273   -7600  -86.36364
[23,] 1.20   26   85 0.30588235   -4640  -54.58824
[24,] 1.30   20   70 0.28571429   -4340  -62.00000
[25,] 1.40   14   48 0.29166667   -2790  -58.12500
[26,] 1.50   14   48 0.29166667   -2710  -56.45833
[27,] 1.60   12   40 0.30000000   -2230  -55.75000
[28,] 1.70    7   32 0.21875000   -2770  -86.56250
[29,] 1.80    8   23 0.34782609   -1200  -52.17391
[30,] 1.90    6   29 0.20689655   -2640  -91.03448
[31,] 2.00   13   39 0.33333333   -2110  -54.10256
[32,] 2.25   13   27 0.48148148     810   30.00000
[33,] 2.50    8   22 0.36363636   -1020  -46.36364
[34,] 2.75    4    5 0.80000000    1100  220.00000
[35,] 3.00    1    8 0.12500000   -1230 -153.75000
[36,] 3.25    2    7 0.28571429    -200  -28.57143
[37,] 3.50    0    4 0.00000000    -800 -200.00000
[38,] 3.75    0    2 0.00000000    -400 -200.00000
[39,] 4.00    0    0 0.00000000       0    0.00000
[40,] 4.25    1    2 0.50000000    -280 -140.00000
[1] "<-----------11"
      [,1] [,2] [,3]      [,4]    [,5]       [,6]
 [1,] 0.00 1428 3574 0.3995523 -186840  -52.27756
 [2,] 0.05    0    1 0.0000000    -200 -200.00000
 [3,] 0.10    1    1 1.0000000     -40  -40.00000
 [4,] 0.15    0    3 0.0000000    -600 -200.00000
 [5,] 0.20    0    4 0.0000000    -800 -200.00000
 [6,] 0.25    3    8 0.3750000    -730  -91.25000
 [7,] 0.30    2   11 0.1818182   -1060  -96.36364
 [8,] 0.35    1    9 0.1111111   -1360 -151.11111
 [9,] 0.40    3   13 0.2307692   -1680 -129.23077
[10,] 0.45    3   11 0.2727273    -260  -23.63636
[11,] 0.50    3   20 0.1500000   -2590 -129.50000
[12,] 0.55    5   20 0.2500000   -1260  -63.00000
[13,] 0.60    6   25 0.2400000   -1440  -57.60000
[14,] 0.65   12   29 0.4137931     250    8.62069
[15,] 0.70   12   32 0.3750000      80    2.50000
[16,] 0.75   11   28 0.3928571     690   24.64286
[17,] 0.80    8   36 0.2222222   -2840  -78.88889
[18,] 0.85   11   32 0.3437500     120    3.75000
[19,] 0.90    7   32 0.2187500   -2460  -76.87500
[20,] 0.95    5   27 0.1851852   -2710 -100.37037
[21,] 1.00   17   53 0.3207547    -720  -13.58491
[22,] 1.10   16   60 0.2666667   -3500  -58.33333
[23,] 1.20   12   47 0.2553191   -4010  -85.31915
[24,] 1.30   10   55 0.1818182   -5280  -96.00000
[25,] 1.40    2   16 0.1250000   -1910 -119.37500
[26,] 1.50    9   30 0.3000000   -2480  -82.66667
[27,] 1.60    8   31 0.2580645    -850  -27.41935
[28,] 1.70    5   26 0.1923077   -2390  -91.92308
[29,] 1.80    7   22 0.3181818    -480  -21.81818
[30,] 1.90    6   14 0.4285714    -250  -17.85714
[31,] 2.00    7   21 0.3333333    -930  -44.28571
[32,] 2.25    2   13 0.1538462   -1320 -101.53846
[33,] 2.50    5   11 0.4545455     730   66.36364
[34,] 2.75    4    7 0.5714286     940  134.28571
[35,] 3.00    3    7 0.4285714     260   37.14286
[36,] 3.25    1    3 0.3333333    -100  -33.33333
[37,] 3.50    1    2 0.5000000     280  140.00000
[38,] 3.75    2    3 0.6666667     350  116.66667
[39,] 4.00    0    0 0.0000000       0    0.00000
[40,] 4.25    0    0 0.0000000       0    0.00000
[1] "<-----------12"
      [,1] [,2] [,3]      [,4]    [,5]       [,6]
 [1,] 0.00 1518 3892 0.3900308 -204930  -52.65416
 [2,] 0.05    0    0 0.0000000       0    0.00000
 [3,] 0.10    0    0 0.0000000       0    0.00000
 [4,] 0.15    0    2 0.0000000    -400 -200.00000
 [5,] 0.20    2    6 0.3333333    -190  -31.66667
 [6,] 0.25    0    2 0.0000000    -400 -200.00000
 [7,] 0.30    2    4 0.5000000     510  127.50000
 [8,] 0.35    3    8 0.3750000    -160  -20.00000
 [9,] 0.40    5   11 0.4545455     870   79.09091
[10,] 0.45    3   12 0.2500000   -1120  -93.33333
[11,] 0.50    3   15 0.2000000   -1070  -71.33333
[12,] 0.55    6   18 0.3333333    -590  -32.77778
[13,] 0.60    5   17 0.2941176   -1050  -61.76471
[14,] 0.65    5   16 0.3125000    -110   -6.87500
[15,] 0.70    5   18 0.2777778    -590  -32.77778
[16,] 0.75    5   20 0.2500000    -410  -20.50000
[17,] 0.80    4   19 0.2105263   -1590  -83.68421
[18,] 0.85    5   20 0.2500000    -980  -49.00000
[19,] 0.90    3   22 0.1363636   -1830  -83.18182
[20,] 0.95    5   22 0.2272727   -1940  -88.18182
[21,] 1.00    6   36 0.1666667   -4220 -117.22222
[22,] 1.10   11   36 0.3055556    -440  -12.22222
[23,] 1.20    6   21 0.2857143    -470  -22.38095
[24,] 1.30   11   30 0.3666667    -610  -20.33333
[25,] 1.40    7   23 0.3043478    -490  -21.30435
[26,] 1.50    8   22 0.3636364   -1050  -47.72727
[27,] 1.60    2    9 0.2222222    -820  -91.11111
[28,] 1.70    2   14 0.1428571   -1930 -137.85714
[29,] 1.80    2    6 0.3333333     110   18.33333
[30,] 1.90    0    1 0.0000000    -200 -200.00000
[31,] 2.00    0    8 0.0000000   -1600 -200.00000
[32,] 2.25    1    2 0.5000000    -130  -65.00000
[33,] 2.50    2    5 0.4000000      90   18.00000
[34,] 2.75    1    2 0.5000000     -50  -25.00000
[35,] 3.00    0    0 0.0000000       0    0.00000
[36,] 3.25    0    0 0.0000000       0    0.00000
[37,] 3.50    0    0 0.0000000       0    0.00000
[38,] 3.75    0    0 0.0000000       0    0.00000
[39,] 4.00    0    0 0.0000000       0    0.00000
[40,] 4.25    0    0 0.0000000       0    0.00000
[1] "<-----------13"
      [,1] [,2] [,3]       [,4]    [,5]        [,6]
 [1,] 0.00 1602 4179 0.38334530 -218560  -52.299593
 [2,] 0.05    0    0 0.00000000       0    0.000000
 [3,] 0.10    0    0 0.00000000       0    0.000000
 [4,] 0.15    0    0 0.00000000       0    0.000000
 [5,] 0.20    1    2 0.50000000    -100  -50.000000
 [6,] 0.25    0    0 0.00000000       0    0.000000
 [7,] 0.30    0    2 0.00000000    -400 -200.000000
 [8,] 0.35    0    3 0.00000000    -600 -200.000000
 [9,] 0.40    1    2 0.50000000     310  155.000000
[10,] 0.45    1    4 0.25000000    -450 -112.500000
[11,] 0.50    0    3 0.00000000    -600 -200.000000
[12,] 0.55    0    8 0.00000000   -1600 -200.000000
[13,] 0.60    1    4 0.25000000    -330  -82.500000
[14,] 0.65    1    5 0.20000000    -550 -110.000000
[15,] 0.70    4    9 0.44444444     -10   -1.111111
[16,] 0.75    2    6 0.33333333     240   40.000000
[17,] 0.80    0    7 0.00000000   -1400 -200.000000
[18,] 0.85    0    8 0.00000000   -1600 -200.000000
[19,] 0.90    5   10 0.50000000     600   60.000000
[20,] 0.95    1    7 0.14285714    -910 -130.000000
[21,] 1.00    4   14 0.28571429    1050   75.000000
[22,] 1.10    3   13 0.23076923    -920  -70.769231
[23,] 1.20    1   11 0.09090909   -1330 -120.909091
[24,] 1.30    2   12 0.16666667    -750  -62.500000
[25,] 1.40    2   11 0.18181818   -1380 -125.454545
[26,] 1.50    2    6 0.33333333     390   65.000000
[27,] 1.60    2    2 1.00000000     690  345.000000
[28,] 1.70    0    4 0.00000000    -800 -200.000000
[29,] 1.80    1    2 0.50000000     230  115.000000
[30,] 1.90    0    3 0.00000000    -600 -200.000000
[31,] 2.00    2    2 1.00000000    1590  795.000000
[32,] 2.25    0    0 0.00000000       0    0.000000
[33,] 2.50    0    0 0.00000000       0    0.000000
[34,] 2.75    0    0 0.00000000       0    0.000000
[35,] 3.00    0    0 0.00000000       0    0.000000
[36,] 3.25    0    0 0.00000000       0    0.000000
[37,] 3.50    0    1 0.00000000    -200 -200.000000
[38,] 3.75    0    0 0.00000000       0    0.000000
[39,] 4.00    0    0 0.00000000       0    0.000000
[40,] 4.25    0    0 0.00000000       0    0.000000
[1] "<-----------14"
      [,1] [,2] [,3]      [,4]    [,5]        [,6]
 [1,] 0.00 1623 4276 0.3795603 -225620  -52.764266
 [2,] 0.05    0    0 0.0000000       0    0.000000
 [3,] 0.10    0    0 0.0000000       0    0.000000
 [4,] 0.15    0    1 0.0000000    -200 -200.000000
 [5,] 0.20    0    1 0.0000000    -200 -200.000000
 [6,] 0.25    0    0 0.0000000       0    0.000000
 [7,] 0.30    0    1 0.0000000    -200 -200.000000
 [8,] 0.35    0    1 0.0000000    -200 -200.000000
 [9,] 0.40    1    5 0.2000000    -290  -58.000000
[10,] 0.45    0    1 0.0000000    -200 -200.000000
[11,] 0.50    2    3 0.6666667     120   40.000000
[12,] 0.55    0    1 0.0000000    -200 -200.000000
[13,] 0.60    1    2 0.5000000     240  120.000000
[14,] 0.65    0    3 0.0000000    -600 -200.000000
[15,] 0.70    0    1 0.0000000    -200 -200.000000
[16,] 0.75    0    2 0.0000000    -400 -200.000000
[17,] 0.80    2    4 0.5000000    1070  267.500000
[18,] 0.85    1    3 0.3333333     -90  -30.000000
[19,] 0.90    2    7 0.2857143      10    1.428571
[20,] 0.95    1    2 0.5000000     560  280.000000
[21,] 1.00    0    6 0.0000000   -1200 -200.000000
[22,] 1.10    4    7 0.5714286    1100  157.142857
[23,] 1.20    0    2 0.0000000    -400 -200.000000
[24,] 1.30    0    5 0.0000000   -1000 -200.000000
[25,] 1.40    0    3 0.0000000    -600 -200.000000
[26,] 1.50    0    1 0.0000000    -200 -200.000000
[27,] 1.60    1    1 1.0000000     910  910.000000
[28,] 1.70    0    1 0.0000000    -200 -200.000000
[29,] 1.80    0    1 0.0000000    -200 -200.000000
[30,] 1.90    0    0 0.0000000       0    0.000000
[31,] 2.00    0    0 0.0000000       0    0.000000
[32,] 2.25    0    0 0.0000000       0    0.000000
[33,] 2.50    0    0 0.0000000       0    0.000000
[34,] 2.75    0    0 0.0000000       0    0.000000
[35,] 3.00    0    0 0.0000000       0    0.000000
[36,] 3.25    0    0 0.0000000       0    0.000000
[37,] 3.50    0    0 0.0000000       0    0.000000
[38,] 3.75    0    0 0.0000000       0    0.000000
[39,] 4.00    0    0 0.0000000       0    0.000000
[40,] 4.25    0    0 0.0000000       0    0.000000
[1] "<-----------15"
      [,1] [,2] [,3]      [,4]    [,5]       [,6]
 [1,] 0.00 1638 4339 0.3775063 -227790  -52.49827
 [2,] 0.05    0    0 0.0000000       0    0.00000
 [3,] 0.10    0    0 0.0000000       0    0.00000
 [4,] 0.15    0    0 0.0000000       0    0.00000
 [5,] 0.20    0    0 0.0000000       0    0.00000
 [6,] 0.25    0    0 0.0000000       0    0.00000
 [7,] 0.30    0    0 0.0000000       0    0.00000
 [8,] 0.35    0    0 0.0000000       0    0.00000
 [9,] 0.40    0    1 0.0000000    -200 -200.00000
[10,] 0.45    0    0 0.0000000       0    0.00000
[11,] 0.50    0    0 0.0000000       0    0.00000
[12,] 0.55    0    0 0.0000000       0    0.00000
[13,] 0.60    0    0 0.0000000       0    0.00000
[14,] 0.65    0    0 0.0000000       0    0.00000
[15,] 0.70    0    0 0.0000000       0    0.00000
[16,] 0.75    0    0 0.0000000       0    0.00000
[17,] 0.80    0    0 0.0000000       0    0.00000
[18,] 0.85    0    0 0.0000000       0    0.00000
[19,] 0.90    0    0 0.0000000       0    0.00000
[20,] 0.95    0    0 0.0000000       0    0.00000
[21,] 1.00    0    0 0.0000000       0    0.00000
[22,] 1.10    0    0 0.0000000       0    0.00000
[23,] 1.20    0    1 0.0000000    -200 -200.00000
[24,] 1.30    0    0 0.0000000       0    0.00000
[25,] 1.40    0    0 0.0000000       0    0.00000
[26,] 1.50    0    0 0.0000000       0    0.00000
[27,] 1.60    0    0 0.0000000       0    0.00000
[28,] 1.70    0    0 0.0000000       0    0.00000
[29,] 1.80    0    0 0.0000000       0    0.00000
[30,] 1.90    0    0 0.0000000       0    0.00000
[31,] 2.00    0    0 0.0000000       0    0.00000
[32,] 2.25    0    0 0.0000000       0    0.00000
[33,] 2.50    0    0 0.0000000       0    0.00000
[34,] 2.75    0    0 0.0000000       0    0.00000
[35,] 3.00    0    0 0.0000000       0    0.00000
[36,] 3.25    0    0 0.0000000       0    0.00000
[37,] 3.50    0    0 0.0000000       0    0.00000
[38,] 3.75    0    0 0.0000000       0    0.00000
[39,] 4.00    0    0 0.0000000       0    0.00000
[40,] 4.25    0    0 0.0000000       0    0.00000
[1] "<-----------16"
      [,1] [,2] [,3]      [,4]    [,5]      [,6]
 [1,] 0.00 1638 4341 0.3773324 -228190 -52.56623
 [2,] 0.05    0    0 0.0000000       0   0.00000
 [3,] 0.10    0    0 0.0000000       0   0.00000
 [4,] 0.15    0    0 0.0000000       0   0.00000
 [5,] 0.20    0    0 0.0000000       0   0.00000
 [6,] 0.25    0    0 0.0000000       0   0.00000
 [7,] 0.30    0    0 0.0000000       0   0.00000
 [8,] 0.35    0    0 0.0000000       0   0.00000
 [9,] 0.40    0    0 0.0000000       0   0.00000
[10,] 0.45    0    0 0.0000000       0   0.00000
[11,] 0.50    0    0 0.0000000       0   0.00000
[12,] 0.55    0    0 0.0000000       0   0.00000
[13,] 0.60    0    0 0.0000000       0   0.00000
[14,] 0.65    0    0 0.0000000       0   0.00000
[15,] 0.70    0    0 0.0000000       0   0.00000
[16,] 0.75    0    0 0.0000000       0   0.00000
[17,] 0.80    0    0 0.0000000       0   0.00000
[18,] 0.85    0    0 0.0000000       0   0.00000
[19,] 0.90    0    0 0.0000000       0   0.00000
[20,] 0.95    0    0 0.0000000       0   0.00000
[21,] 1.00    0    0 0.0000000       0   0.00000
[22,] 1.10    0    0 0.0000000       0   0.00000
[23,] 1.20    0    0 0.0000000       0   0.00000
[24,] 1.30    0    0 0.0000000       0   0.00000
[25,] 1.40    0    0 0.0000000       0   0.00000
[26,] 1.50    0    0 0.0000000       0   0.00000
[27,] 1.60    0    0 0.0000000       0   0.00000
[28,] 1.70    0    0 0.0000000       0   0.00000
[29,] 1.80    0    0 0.0000000       0   0.00000
[30,] 1.90    0    0 0.0000000       0   0.00000
[31,] 2.00    0    0 0.0000000       0   0.00000
[32,] 2.25    0    0 0.0000000       0   0.00000
[33,] 2.50    0    0 0.0000000       0   0.00000
[34,] 2.75    0    0 0.0000000       0   0.00000
[35,] 3.00    0    0 0.0000000       0   0.00000
[36,] 3.25    0    0 0.0000000       0   0.00000
[37,] 3.50    0    0 0.0000000       0   0.00000
[38,] 3.75    0    0 0.0000000       0   0.00000
[39,] 4.00    0    0 0.0000000       0   0.00000
[40,] 4.25    0    0 0.0000000       0   0.00000
[1] "<-----------17"
      [,1] [,2] [,3]      [,4]   [,5]       [,6]
 [1,]    0  114  262 0.4351145 -15070  -57.51908
 [2,]    1    0    0 0.0000000      0    0.00000
 [3,]    2  262  563 0.4653641 -24640  -43.76554
 [4,]    3  129  295 0.4372881 -13890  -47.08475
 [5,]    4  296  726 0.4077135 -39660  -54.62810
 [6,]    5  228  597 0.3819095 -31810  -53.28308
 [7,]    6  232  654 0.3547401 -37880  -57.92049
 [8,]    7  131  437 0.2997712 -28800  -65.90389
 [9,]    8  113  364 0.3104396 -17610  -48.37912
[10,]    9   60  193 0.3108808  -6110  -31.65803
[11,]   10   31  114 0.2719298  -4380  -38.42105
[12,]   11    9   43 0.2093023  -3800  -88.37209
[13,]   12    6   23 0.2608696  -1420  -61.73913
[14,]   13    1    3 0.3333333    110   36.66667
[15,]   14    0    1 0.0000000   -200 -200.00000
[16,]   15    0    0 0.0000000      0    0.00000
[17,]   16    0    0 0.0000000      0    0.00000
[18,]   17    0    0 0.0000000      0    0.00000
[19,]   18    0    0 0.0000000      0    0.00000
[20,]   19    0    0 0.0000000      0    0.00000
[21,]   20    0    0 0.0000000      0    0.00000
[22,]   21    0    0 0.0000000      0    0.00000
[23,]   22    0    0 0.0000000      0    0.00000
[24,]   23    0    0 0.0000000      0    0.00000
[25,]   24    0    0 0.0000000      0    0.00000
[26,]   25    0    0 0.0000000      0    0.00000
[27,]   26    0    0 0.0000000      0    0.00000
[28,]   27    0    0 0.0000000      0    0.00000
[29,]   28    0    0 0.0000000      0    0.00000
[30,]   29    0    0 0.0000000      0    0.00000
[31,]   30    0    0 0.0000000      0    0.00000
[32,]   31    0    0 0.0000000      0    0.00000
[33,]   32    0    0 0.0000000      0    0.00000
[34,]   33    0    0 0.0000000      0    0.00000
[35,]   34    0    0 0.0000000      0    0.00000
[36,]   35    0    0 0.0000000      0    0.00000
[37,]   36    0    0 0.0000000      0    0.00000
[38,]   37    0    0 0.0000000      0    0.00000
[39,]   38    0    0 0.0000000      0    0.00000
[40,]   39    0    0 0.0000000      0    0.00000
