[1] "R出力\\20170614_Tansho4_10_自動生成.txt"
[1] "通常"
[1] 171 504 479 298
[1] 1.010195 1.006583 1.004925 1.003338
[1] 1.625778 1.637090 1.639368 1.642105
[1] "指数"
[1] 356 737 712  58
[1] 1.0019975 0.9917440 1.0019975 0.9979026
[1] 1.649143 1.649143 1.646790 1.646790
[1] "選択↓"
[1] 356
   ユーザ   システム       経過  
    477.56       4.66     495.13 
[1] "通常"
[1] 171 504  61 479
[1] 1.015463 1.011667 1.010195 1.010000
[1] 1.635469 1.646485 1.625778 1.648844
[1] "指数"
[1] 737 712 300  58
[1] 0.9967465 1.0070263 1.0029109 1.0031078
[1] 1.658621 1.656241 1.656241 1.653868
[1] "選択↓"
[1] 712
   ユーザ   システム       経過  
    951.76       5.55     979.05 
[1] "通常"
[1] 171 171 504 479
[1] 1.015463 1.015157 1.012640 1.011667
[1] 1.635469 1.640359 1.653602 1.646485
[1] "指数"
[1] 298 239 300 737
[1] 1.0079697 1.0040302 1.0054340 0.9980051
[1] 1.663401 1.661007 1.661007 1.661007
[1] "選択↓"
[1] 298
   ユーザ   システム       経過  
   1427.70       6.41    1468.75 
[1] "通常"
[1] 171 504  62 479
[1] 1.020500 1.017806 1.015463 1.015157
[1] 1.647748 1.660781 1.635469 1.640359
[1] "指数"
[1] 242 737 241   3
[1] 1.009114 1.003071 1.009242 1.009242
[1] 1.668208 1.668208 1.665801 1.665801
[1] "選択↓"
[1] 241
   ユーザ   システム       経過  
   1906.89       7.27    1964.89 
[1] "通常"
[1] 171 504 504 479
[1] 1.021845 1.020500 1.019106 1.017806
[1] 1.650226 1.647748 1.663188 1.660781
[1] "指数"
[1] 737 737 242 283
[1] 1.004346 1.009114 1.003071 1.009114
[1] 1.670622 1.668208 1.668208 1.668208
[1] "選択↓"
[1] 737
   ユーザ   システム       経過  
   2387.86       8.08    2454.69 
[1] "通常"
[1] 171 504 504 479
[1] 1.021845 1.020500 1.019106 1.017806
[1] 1.650226 1.647748 1.663188 1.660781
[1] "指数"
[1] 242 283 300 444
[1] 1.0042038 0.9996688 1.0056234 1.0056234
[1] 1.673043 1.673043 1.673043 1.673043
[1] "選択↓"
[1] 300
   ユーザ   システム       経過  
   2869.59       9.72    2948.02 
[1] "通常"
[1] 171 504 504 171
[1] 1.021845 1.020500 1.019106 1.018167
[1] 1.650226 1.647748 1.663188 1.657704
[1] "指数"
[1] 242 283 444 479
[1] 1.005485 1.000944 1.006904 1.012185
[1] 1.675472 1.675472 1.675472 1.675472
[1] "選択↓"
[1] 479
   ユーザ   システム       経過  
   3320.26       9.96    3401.13 
[1] "通常"
[1] 171 504 504 171
[1] 1.025154 1.021845 1.020500 1.019106
[1] 1.660212 1.650226 1.647748 1.663188
[1] "指数"
[1] 242 283 444 526
[1] 1.012062 1.007474 1.013488 1.014794
[1] 1.677907 1.677907 1.677907 1.677907
[1] "選択↓"
[1] 526
   ユーザ   システム       経過  
   3773.34      10.19    3858.36 
[1] "通常"
[1] 171 504 504 171
[1] 1.027914 1.025154 1.021845 1.020500
[1] 1.662727 1.660212 1.650226 1.647748
[1] "指数"
[1] 242 283 444 526
[1] 1.014677 1.008774 1.016103 1.012062
[1] 1.680349 1.680349 1.680349 1.677907
[1] "選択↓"
[1] 444
   ユーザ   システム       経過  
   4227.89      10.30    4313.46 
[1] "通常"
[1] 171 504 504 171
[1] 1.029299 1.027914 1.025154 1.021845
[1] 1.665250 1.662727 1.660212 1.650226
[1] "指数"
[1] 242 283 444   1
[1] 1.015990 1.010078 1.014677 1.008774
[1] 1.682799 1.682799 1.680349 1.680349
[1] "選択↓"
[1] 242
   ユーザ   システム       経過  
   4686.79      10.38    4773.58 
[1] "通常"
[1] 171 171 504 171
[1] 1.029299 1.029216 1.027914 1.025154
[1] 1.665250 1.667781 1.662727 1.660212
[1] "指数"
[1] 283 283   1   2
[1] 1.009948 1.015990 1.010078 1.015990
[1] 1.685255 1.682799 1.682799 1.682799
[1] "選択↓"
[1] 283
   ユーザ   システム       経過  
   5151.89      10.94    5242.78 
[1] "通常"
[1] 171 171 504 171
[1] 1.029299 1.029216 1.027914 1.025154
[1] 1.665250 1.667781 1.662727 1.660212
[1] "指数"
[1] 283   1   2   3
[1] 1.009948 1.009948 1.009948 1.009948
[1] 1.685255 1.685255 1.685255 1.685255
[1] "選択↓"
[1] 283
   ユーザ   システム       経過  
   5618.94      11.21    5714.07 
[1] "通常"
[1] 171 171 504 171
[1] 1.029299 1.029216 1.027914 1.025154
[1] 1.665250 1.667781 1.662727 1.660212
[1] "指数"
[1] 283   1   2   3
[1] 1.009948 1.009948 1.009948 1.009948
[1] 1.685255 1.685255 1.685255 1.685255
[1] "選択↓"
[1] 283
   ユーザ   システム       経過  
   6088.84      11.46    6187.33 
[1] "通常"
[1] 171 171 504 171
[1] 1.029299 1.029216 1.027914 1.025154
[1] 1.665250 1.667781 1.662727 1.660212
[1] "指数"
[1] 283   1   2   3
[1] 1.009948 1.009948 1.009948 1.009948
[1] 1.685255 1.685255 1.685255 1.685255
[1] "選択↓"
[1] 283
   ユーザ   システム       経過  
   6559.33      11.53    6658.74 
[1] "通常"
[1] 171 171 504 171
[1] 1.029299 1.029216 1.027914 1.025154
[1] 1.665250 1.667781 1.662727 1.660212
[1] "指数"
[1] 283   1   2   3
[1] 1.009948 1.009948 1.009948 1.009948
[1] 1.685255 1.685255 1.685255 1.685255
[1] "選択↓"
[1] 283
   ユーザ   システム       経過  
   7033.00      11.58    7133.16 
[1] "通常"
[1] 171 171 504 171
[1] 1.029299 1.029216 1.027914 1.025154
[1] 1.665250 1.667781 1.662727 1.660212
[1] "指数"
[1] 283   1   2   3
[1] 1.009948 1.009948 1.009948 1.009948
[1] 1.685255 1.685255 1.685255 1.685255
[1] "選択↓"
[1] 283
   ユーザ   システム       経過  
   7512.23      11.85    7614.69 
[1] "通常"
[1] 171 171 504 171
[1] 1.029299 1.029216 1.027914 1.025154
[1] 1.665250 1.667781 1.662727 1.660212
[1] "指数"
[1] 283   1   2   3
[1] 1.009948 1.009948 1.009948 1.009948
[1] 1.685255 1.685255 1.685255 1.685255
[1] "選択↓"
[1] 283
   ユーザ   システム       経過  
   7995.47      12.14    8100.50 
[1] "通常"
[1] 171 171 504 171
[1] 1.029299 1.029216 1.027914 1.025154
[1] 1.665250 1.667781 1.662727 1.660212
[1] "指数"
[1] 283   1   2   3
[1] 1.009948 1.009948 1.009948 1.009948
[1] 1.685255 1.685255 1.685255 1.685255
[1] "選択↓"
[1] 283
   ユーザ   システム       経過  
   8481.01      12.28    8587.67 
[1] "通常"
[1] 171 171 504 171
[1] 1.029299 1.029216 1.027914 1.025154
[1] 1.665250 1.667781 1.662727 1.660212
[1] "指数"
[1] 283   1   2   3
[1] 1.009948 1.009948 1.009948 1.009948
[1] 1.685255 1.685255 1.685255 1.685255
[1] "選択↓"
[1] 283
   ユーザ   システム       経過  
   8968.78      12.39    9077.08 
[1] "通常"
[1] 171 171 504 171
[1] 1.029299 1.029216 1.027914 1.025154
[1] 1.665250 1.667781 1.662727 1.660212
[1] "指数"
[1] 283   1   2   3
[1] 1.009948 1.009948 1.009948 1.009948
[1] 1.685255 1.685255 1.685255 1.685255
[1] "選択↓"
[1] 283
   ユーザ   システム       経過  
   9458.28      12.50    9566.88 
     [,1] [,2] [,3] [,4] [,5] [,6] [,7] [,8] [,9] [,10] [,11] [,12] [,13] [,14] [,15] [,16] [,17] [,18] [,19]
[1,]  356  712  298  241  737  300  479  526  444   242   283   283   283   283   283   283   283   283   283
     [,20]
[1,]   283
[1] "UmahukuMat[\"三連複人気順12番\"] < 48.00  & UmahukuMat[\"馬複人気順9番\"] < 32.00  & UmahukuMat[\"馬複人気順19番\"] > 29.99  & UmahukuMat[\"三連複人気順8番\"]/UmahukuMat[\"三連複人気順9番\"] > 0.71  & UmahukuMat[\"馬複人気順7番\"] < 26.00  & UmahukuMat[\"馬複人気順21番\"] > 34.99  & UmahukuMat[\"馬複人気順22番\"] < 105.00  & UmahukuMat[\"馬複人気順18番\"] < 80.00  & UmahukuMat[\"馬複人気順25番\"] < 150.00  & UmahukuMat[\"三連複人気順8番\"]/UmahukuMat[\"三連複人気順9番\"] > 0.73  & UmahukuMat[\"馬複人気順2番\"] > 4.49  & UmahukuMat[\"馬複人気順2番\"] > 4.49  & UmahukuMat[\"馬複人気順2番\"] > 4.49  & UmahukuMat[\"馬複人気順2番\"] > 4.49  & UmahukuMat[\"馬複人気順2番\"] > 4.49  & UmahukuMat[\"馬複人気順2番\"] > 4.49  & UmahukuMat[\"馬複人気順2番\"] > 4.49  & UmahukuMat[\"馬複人気順2番\"] > 4.49  & UmahukuMat[\"馬複人気順2番\"] > 4.49  & UmahukuMat[\"馬複人気順2番\"] > 4.49  & "
[1] 389840
[1] 386000
[1] 1.009948
[1] 226
[1] 772
[1] 0.2927461
[1] 115440
[1] 68500
[1] 1.685255
