[1] "R出力\\20170617_Umahuku14_29_自動生成.txt"
[1] "通常"
[1] 183 267 308 192
[1] 0.7120038 0.7091419 0.7046285 0.7039995
[1] 0.8028340 0.7691985 0.7661853 0.7673811
[1] "指数"
[1] 183 276 319  14
[1] 0.7120038 0.6855310 0.6954441 0.7091419
[1] 0.8028340 0.7722100 0.7708894 0.7691985
[1] "選択↓"
[1] 183
   ユーザ   システム       経過  
   1331.44       3.19    1341.45 
     [,1] [,2] [,3] [,4] [,5] [,6] [,7] [,8] [,9] [,10] [,11] [,12] [,13]
[1,]  183  341    1    1    1    1    1    1    1     1     1     1     1
     [,14] [,15] [,16] [,17] [,18] [,19] [,20]
[1,]     1     1     1     1     1     1     1
[1] "UmahukuMat[\"馬複人気順18番\"] < 80.00  & "
[1] 504
[1] "UmahukuMat[\"馬複人気順18番\"] < 80.00  & UmahukuMat[\"三連複人気順14番\"]/UmahukuMat[\"三連複人気順15番\"] < 0.72 "
