[1] "R出力\\20170613_Tansho4_10_自動生成.txt"
[1] "通常"
[1] 255  18  84 253
[1]       Inf 0.8821805 0.8798646 0.8657444
[1] -0.1149968  1.0577810  0.9796007  1.1410219
[1] "指数"
[1] 339 348  88 604
[1] 0.7011966 0.7890806 0.8657444 0.7360972
[1] 1.211679 1.141534 1.141022 1.106854
[1] "選択↓"
[1] 88
   ユーザ   システム       経過  
    663.21       1.75     666.18 
[1] "通常"
[1] 255 255   9 492
[1]       Inf       Inf 0.9605887 0.9552174
[1] -0.1149968 -0.3152381  1.0663230  1.1947962
[1] "指数"
[1] 339 348 530  15
[1] 0.8769628 0.8912222 0.8426095 0.9106633
[1] 1.361219 1.294747 1.224973 1.214182
[1] "選択↓"
[1] 15
   ユーザ   システム       経過  
   1109.74       1.78    1113.82 
[1] "通常"
[1] 255 255  53  54
[1] Inf Inf Inf Inf
[1] -0.1149968 -0.3152381 -0.2135466 -0.2135466
[1] "指数"
[1] 339 339  52 348
[1] 0.8769628 0.8769628 0.8912222 0.8912222
[1] 1.361219 1.361219 1.294747 1.294747
[1] "選択↓"
[1] 52
   ユーザ   システム       経過  
   1543.99       1.84    1548.57 
[1] "通常"
[1] 255 255  53  54
[1] Inf Inf Inf Inf
[1] -0.1149968 -0.3152381 -0.2135466 -0.2135466
[1] "指数"
[1] 339  28 348 492
[1] 0.6733333 1.0267826 0.8219048 0.7919048
[1] 2.473684 1.840000 1.825714 1.787402
[1] "選択↓"
[1] 28
   ユーザ   システム       経過  
   1806.02       1.89    1811.00 
[1] "通常"
[1] 255 255  53  54
[1] Inf Inf Inf Inf
[1] -0.1149968 -0.3152381 -0.2135466 -0.2135466
[1] "指数"
[1] 339 339 348 492
[1] 0.6733333 0.6733333 0.9708000 0.8698611
[1] 2.473684 2.473684 2.113514 2.063636
[1] "選択↓"
[1] 348
   ユーザ   システム       経過  
   2067.91       1.89    2073.11 
[1] "通常"
[1] 255 255  53  54
[1] Inf Inf Inf Inf
[1] -0.1149968 -0.3152381 -0.2135466 -0.2135466
[1] "指数"
[1] 166 178  36  25
[1] 0.9725000 0.8645455 0.6733333 0.6733333
[1] 2.523077 2.505000 2.473684 2.473684
[1] "選択↓"
[1] 166
   ユーザ   システム       経過  
   2297.13       1.97    2302.75 
[1] "通常"
[1] 255 255  53  54
[1] Inf Inf Inf Inf
[1] -0.1149968 -0.3152381 -0.2135466 -0.2135466
[1] "指数"
[1] 339 102 111 112
[1] 0.8025000 1.1114286 0.9771429 0.9771429
[1] 3.783333 3.280000 3.280000 3.280000
[1] "選択↓"
[1] 102
   ユーザ   システム       経過  
   2523.24       2.16    2529.28 
[1] "通常"
[1] 255 255  53  54
[1] Inf Inf Inf Inf
[1] -0.1149968 -0.3152381 -0.2135466 -0.2135466
[1] "指数"
[1] 673  77  78  18
[1] 1.3444444 0.6485714 1.1400000 0.6783333
[1] 4.685714 4.540000 4.100000 4.100000
[1] "選択↓"
[1] 673
   ユーザ   システム       経過  
   2753.28       2.20    2759.65 
     [,1] [,2] [,3] [,4] [,5] [,6] [,7] [,8] [,9] [,10] [,11] [,12] [,13] [,14] [,15] [,16] [,17] [,18] [,19]
[1,]   88   15   52   28  348  166  102  673   78     1     1     1     1     1     1     1     1     1     1
     [,20]
[1,]     1
[1] "UmahukuMat[\"三連複人気順3番\"] > 11.99  & UmahukuMat[\"馬複人気順1番\"] > 3.19  & UmahukuMat[\"馬複人気順24番\"] > 99.99  & UmahukuMat[\"馬複人気順3番\"] > 6.99  & UmahukuMat[\"馬複人気順16番\"] < 40.00  & UmahukuMat[\"馬複人気順30番\"] < 180.00  & UmahukuMat[\"馬複不人気順17番\"] > 39.99  & UmahukuMat[\"馬複人気順6番\"]/UmahukuMat[\"馬複人気順7番\"] > 0.75  & "
[1] 1338580
[1] 2059000
[1] 0.6501117
[1] 637
[1] 4118
[1] 0.1546867
[1] 258640
[1] 262000
[1] 0.9871756
[1] 6050
[1] 4500
[1] 1.344444
[1] 4
[1] 9
[1] 0.4444444
[1] 3280
[1] 700
[1] 4.685714
[1] 728240
[1] 825500
[1] 0.8821805
[1] 383
[1] 1651
[1] 0.2319806
[1] 146820
[1] 138800
[1] 1.057781
[1] 698240
[1] 755500
[1] 0.9242091
[1] 372
[1] 1511
[1] 0.2461946
[1] 146820
[1] 132000
[1] 1.112273
[1] 88470
[1] 124000
[1] 0.7134677
[1] 52
[1] 248
[1] 0.2096774
[1] 22700
[1] 17700
[1] 1.282486
[1] 654720
[1] 709000
[1] 0.9234415
[1] 358
[1] 1418
[1] 0.2524683
[1] 146820
[1] 126400
[1] 1.161551
[1] 240630
[1] 267500
[1] 0.8995514
[1] 152
[1] 535
[1] 0.2841121
[1] 69010
[1] 52900
[1] 1.304537
[1] 601100
[1] 650000
[1] 0.9247692
[1] 324
[1] 1300
[1] 0.2492308
[1] 134780
[1] 116000
[1] 1.161897
[1] 537430
[1] 573500
[1] 0.9371055
[1] 294
[1] 1147
[1] 0.2563208
[1] 122710
[1] 104500
[1] 1.174258
[1] 1338580
[1] 2059000
[1] 0.6501117
[1] 637
[1] 4118
[1] 0.1546867
[1] 258640
[1] 262000
[1] 0.9871756
[1] 0
